7
3
9
7
2
5
0
4
0
13
7
1
5
4
3
3
5
16
20
5
7
10
9
5
12
1
5
2
3
1
4
6
1
1
13
12
16
1
7
2
11
2
4
4
11
6
1
6
4
0
2
5
2
8
8
3
6
10
7
5
0
12
1
3
2
5
7
16
4
5
8
5
5
10
3
12
4
1
27
10
10
7
0
7
9
0
6
14
4
8
0
0
4
3
3
3
5
2
1
4
0
2
5
4
14
4
8
13
8
4
7
2
10
1
9
3
4
1
5
22
2
13
3
1
4
3
7
2
15
4
7
3
5
4
8
1
3
0
0
7
3
9
4
14
5
5
0
6
3
7
4
3
15
5
11
11
0
10
5
8
5
9
6
1
6
0
8
4
5
0
13
3
9
1
7
2
8
0
4
7
4
4
7
6
0
3
1
16
2
3
5
9
8
3
4
3
8
0
5
8
3
3
2
8
5
5
1
10
1
3
4
1
4
7
0
21
10
10
9
2
5
7
12
4
7
2
4
8
0
4
13
8
10
4
11
9
4
4
14
3
3
3
2
7
0
0
7
7
20
5
1
1
1
2
0
9
6
2
5
3
5
8
3
2
13
1
5
4
6
9
1
5
4
2
6
2
2
2
6
12
0
4
4
18
2
7
3
3
7
8
1
0
7
7
6
3
4
1
13
4
9
12
4
1
5
12
0
0
4
3
3
1
4
14
1
0
9
0
9
1
6
10
5
0
8
23
2
0
7
1
5
2
8
1
6
15
1
3
27
7
9
7
9
6
3
4
7
11
16
1
6
0
0
5
6
7
7
1
7
18
3
0
4
1
6
7
6
13
7
4
2
7
7
4
1
4
6
5
3
4
12
5
1
6
12
8
4
8
0
4
1
4
2
0
8
8
3
4
4
17
16
4
7
8
20
1
6
8
1
1
6
8
6
13
0
3
5
3
3
6
10
3
4
5
2
7
2
2
0
2
1
5
2
10
11
8
2
4
5
8
9
4
1
1
7
10
4
4
2
5
8
27
6
5
13
1
5
2
16
16
4
11
5
6
3
5
4
3
14
1
7
4
2
2
11
6
6
8
6
7
5
1
1
1
2
10
0
10
10
6
2
1
8
4
3
10
7
7
3
9
9
3
10
11
20
2
8
4
3
2
11
2
8
4
9
3
8
1
4
5
7
4
17
4
17
0
8
15
8
7
2
3
7
0
4
5
8
5
9
2
4
11
7
0
7
11
7
10
2
9
9
0
7
4
2
5
4
4
14
1
1
2
4
10
1
3
8
1
6
1
4
5
9
4
15
3
9
1
4
7
0
4
0
16
8
4
5
13
0
4
7
3
3
10
6
0
8
12
6
13
1
2
7
0
3
1
3
4
5
8
14
4
1
3
6
5
6
3
11
12
7
4
0
11
5
8
4
3
7
6
11
2
4
6
5
4
15
3
4
7
2
6
5
4
1
17
5
0
3
0
4
7
5
1
11
9
7
8
1
0
20
4
4
7
6
9
7
10
6
11
23
5
4
0
1
1
2
11
5
2
7
1
10
1
7
3
5
3
7
17
4
0
5
2
1
3
3
4
11
0
3
10
7
5
4
9
5
10
3
5
3
7
7
14
11
7
6
10
6
9
8
5
0
1
5
5
5
4
8
1
4
3
1
5
8
4
7
3
10
14
1
2
16
5
0
5
5
3
5
0
5
1
5
8
6
6
14
7
5
14
2
4
19
3
4
4
9
8
0
1
3
6
8
1
3
8
16
6
4
8
6
6
4
2
1
0
4
25
16
1
4
1
11
4
7
10
1
8
0
10
5
