-2.39434685062447,5.34247866550035,2.37062563109523,0.39226773862892,5.42758250190339
-1.02057881458538,-4.15429769220922,3.57942172537908,6.46064636778537,-3.70887993542334
-3.32173713548189,-8.04604754451367,-1.92879111284312,3.65174883274618,1.45073844966827
-4.07206148415802,-1.93756389856936,4.58067239041583,-1.59140474706162,-5.79655176587751
2.45867184266278,1.38292540619472,3.15802216542547,-1.98651343475456,6.56448280183906
-2.07645514644357,-4.34165731943708,-5.72070980127298,-4.7416146265543,-0.915813120263903
-4.2719790965696,-3.33813686639541,2.19179707371897,-2.19092659987061,-6.26038418321231
3.58887707125986,5.95410468616168,-1.93667623616258,0.615857025150417,-4.95861039563232
6.56765546468804,-3.05107254512352,4.89426985996727,-1.24085607551507,-2.2770599767429
-1.30820659002238,2.05466490618529,-7.24237373934023,0.51737027270735,4.57694398488855
1.51130899033479,-3.66699469935664,-3.82562226553381,6.99799315345952,1.97171826978576
8.2273122334155,-2.47179457903993,1.42604191084742,-1.79934504454789,1.36136886279302
2.09158484292709,-2.04955956138023,3.57998886899755,5.62198849699124,-5.1018279276414
-3.47207839510954,1.22114844670537,5.79283590195624,-2.41765680871114,4.20743623374807
5.54614020747489,-3.15069468944033,2.39589936294672,2.61690095435303,5.7447673805107
3.95865486149756,-5.85989697845907,1.764912204484,0.0246715137104623,-4.55407547110944
6.63089931067497,1.78332019024035,3.59985210501446,-1.52504931564046,-2.15275478474378
5.81516039098196,-1.38576185875559,-5.98054630203968,1.93599303083033,-1.92423225841649
-3.61416535117774,0.157481235434076,5.53973074067347,0.202863609468222,3.93239628412317
9.85393958764997,9.13609752626427,-8.71125082957602,0.381989949455016,3.78633444791906
-2.68372358327763,5.87849333585896,3.4176894693331,-0.50093209847274,-2.36920061133844
2.67308127594069,5.55668766877591,1.36123144796213,-3.02833404154008,-3.23958261867243
1.71237794158553,-4.083201116289,5.39058030079271,3.25872960432599,5.19644614066425
-0.730956468178855,0.329368641427375,3.77901298009964,0.391450223760132,-8.42730084960592
4.34164105504374,-2.95558413533178,0.0902236695366221,-6.83898836530417,5.42034080236764
-1.0054360885611,3.06596993955959,-5.82152333852657,4.60931871116388,-0.65333772930933
-1.73174853403422,5.08495406408602,-4.10289144234265,4.74305066232992,-3.32245844033895
-6.11159262245964,-3.50904816845448,0.65644576263859,3.26538115451878,0.80249543707273
-1.40543512130839,0.487557579443767,-4.70251627739556,6.4080939034359,4.20478360072978
0.965351601833966,1.82294803257769,-8.3193995080128,-2.78327194172787,-1.51315809631287
-2.99955134306771,-1.4831809122537,-6.39965496449741,3.71469622541328,-2.12363300988171
1.92107903951261,-5.58774632274987,1.31508555076459,4.79277420487749,5.38400794412192
6.48123679509872,-0.177476207341903,0.398073368686737,-6.50819475268615,1.52001632675615
0.390679026252571,7.90691425832944,0.920284816426051,-0.479461551030465,3.93296164119851
-6.66846774865003,-0.162083596477684,1.05555746520552,4.65175392518876,-2.64155457042755
6.9044925314101,-3.93858187011257,-1.24433240866122,-1.61724108286373,5.11107883356394
1.71715221844186,-2.38188411838253,1.8651748088789,-7.17010082135448,-4.81984614401865
-2.02062840601082,-3.17164189622298,2.43257343985901,0.787410270214868,-7.05814888408945
4.83641360187614,-3.70161205394796,-2.83758886539228,0.498259156454977,-6.36341861367752
-0.335052313125584,8.36177888795545,0.430450165119711,-0.477408367357525,-0.68589004360659
1.85557590693273,-1.42581672886784,-6.72997840808167,-3.84499184457767,3.44788286921718
3.01152352265205,-7.6124563657276,-2.17055541793373,2.3454968528146,0.454245119305677
0.267460306587563,1.07319528874471,5.55393153112626,-4.26960023922331,4.1911550371786
-1.61311598123349,3.54655842658592,0.169413881081572,0.682843993782761,-7.38498971253521
6.18786263573408,-1.13466931584216,-3.76664331214176,-5.0229184686703,-0.362417758536089
-3.11620698262602,4.91741942561879,3.31000505635208,3.45597724941376,4.42050429371714
-0.980426924418477,-6.38168428694434,-0.388810531450069,-6.1286546436982,1.37668351517585
4.06817149842412,0.966609374201222,-2.3091977983029,2.56898550946807,5.27540250021195
-3.57816277863529,-2.83563331370316,6.91397705759615,-0.650715821204742,1.75243442209929
1.89340228017057,-7.73560828625876,3.51702374296629,-1.52914949233438,-1.86769003510871
-2.46299543099278,3.97999939035191,2.49637652147573,2.99510316106283,-6.54435307140391
-3.81459680539397,-0.271369844679556,-2.46180430551739,0.657564844414156,7.63818639120561
0.407670940511361,-0.814004597546732,4.95321286136314,-5.3653383488142,-4.57546451212141
0.535823761148909,-3.79439983946859,2.84485511661165,7.39987131583556,1.61510294915486
-1.61564617775192,-7.32600654752435,-0.369538616599725,4.43317690953058,4.05892750656425
1.32708265779364,4.13652490928165,-0.121124497951245,-0.69392039263162,-6.16858021118685
2.10738965308723,-0.813397959842845,3.4735228006109,8.03062229172913,-2.39751193964826
-2.00789780472761,-1.03411002227777,-5.72744426680053,3.48466799843277,3.1653202357055
4.56402943102186,1.68372793844219,-5.14528498296467,0.429085637358126,-5.80257795019652
0.717558816395108,-6.64767320441406,1.52579148034463,-2.63849741260699,-4.5021160770951
-5.43788647623108,5.35855478938117,3.85628698943238,-1.94776275790359,-0.536670734579746
0.377359246067796,-6.6654056392466,-4.22868415538391,4.50739627050417,2.59458382783981
-3.97619463125004,0.0324623824850453,5.09669440939509,-4.80659164423448,-0.3377493928495
-0.0872897685225068,1.82463797345533,-3.98550550387467,-5.52289155853843,5.45919265255934
0.762845880162268,-0.310741401695209,6.97624648993464,-3.64430588655648,-1.91117278676167
-1.39937089117942,-5.08461970275662,-2.4724837978876,5.15543225471795,-3.28956089095548
4.43274098883927,-5.60975273478121,2.40768548680313,-3.4410938752471,-0.527840331002901
4.44856144175511,4.30732583571169,0.971973035754131,-2.88528415980177,3.49102094792839
-6.54401934051629,-3.52987794377732,1.6367647718488,-2.75938171443649,-0.841454717509257
0.0685479581985762,-6.64428451843339,-1.05045177008455,-1.61902041125564,5.24614198098007
4.23741825936096,1.09970795109053,2.84969184118349,0.481001282770791,6.09842067658718
3.48092917918426,-3.8012635307525,4.70786108838678,-5.27698146864624,-0.425052461958888
-0.399184806085687,-1.39815695428846,7.12993988503635,0.641441679450916,-2.96973758130572
-2.41731221932586,6.80767395422287,-1.42577705184636,-0.836807165062805,3.85849923339049
-2.09933639557512,-0.358200413350405,4.23893092320217,5.38059524672353,-3.97804781512609
4.55779968689679,-0.599660788206967,-3.36002847901865,-4.06493824829785,-5.0973605910967
4.56470057381816,0.74574885342343,5.60494739660062,3.55358360023028,-1.01733585247775
6.49174390845928,-6.17421126109109,0.579035783630287,2.83081054582515,-2.62117595500846
-2.14653103292684,-4.45516825506049,-4.3321663867843,-2.69898321047141,-5.76282840911978
4.25477502027886,-1.06986595617661,3.9668421537034,-4.97670238751726,-4.9719619911035
2.63299057004381,1.16141656120195,0.584223940359279,4.23350266173757,-5.64504876086099
2.04033593422203,0.308892454034758,4.85584158154875,1.63627423519125,-6.5742071074997
-4.77095792292109,-1.05782629851498,4.68460212717405,2.27159453529684,3.35743720350936
-1.03767954738121,-1.04859389502566,-0.0825034129101761,-6.24164956955843,5.50342255104997
1.36800688328697,3.48958450003702,3.23987124841823,1.04755124618147,5.77394993262192
-1.09650466345287,0.114184107880081,6.00423870965473,-1.45012620578615,-5.90845993397299
-4.53571285301608,-2.39341233641063,-0.360614751288526,-2.71825639004814,-5.94249721636373
-6.02466614621981,-1.93635733455049,2.48998585165125,-2.42315435610917,3.35034577840913
-2.34774201996101,-2.24970303445089,-3.87579078398755,-4.25009482803919,5.31503080871371
1.2550889856728,-3.19924837919326,-7.25277244258788,0.715806795040004,-4.46008346195394
4.95244241260089,0.392588463225216,0.107214569460655,4.28236961649168,5.52199986033785
-3.14827149610796,4.3369835246069,1.36724029607888,-2.79864241496952,-5.72942224594563
1.65750054150492,3.77483117342556,-0.762998851488111,-0.0934691580206658,7.10626601160946
-4.99285129207165,-0.484621560647398,-0.809058281620307,6.49204278301012,1.01547181422361
-3.05206999390984,5.97904674159631,4.31333167248119,-1.17082010743557,2.35842501390707
-0.892201431575078,-0.0594538085743335,-7.28732387309424,-6.33194510153858,-0.609818666589486
-0.257293373821981,-5.65168794732609,3.34885310864408,-5.27918061464819,0.96400660827266
-1.73404538869173,4.30649138221009,-2.19430987365416,7.27325618924288,0.994981590678149
-1.96406317888142,4.3248493785216,-5.79489892198678,-2.51231085186804,-0.863582551690428
1.65893750041039,3.96211575656842,4.4455620320207,5.67497243071196,0.471645064376277
-3.32408814103285,-2.44321247983365,6.71106820312478,-0.81482784637106,-2.28030939823088
4.53322802354118,-4.37726478403726,-3.30806561967944,3.95771749005051,2.37103897071139
-3.86378107665699,3.19770519428105,5.04554194554307,-4.45889523044753,2.43660462842773
3.39836046839317,-0.958289450711229,2.7501657450125,8.05572318990093,0.012324598704511
-1.40128028608695,-6.33552414960939,5.04363206115866,-0.488226736678446,1.60437586342602
15.1098328894734,-2.92201954995616,-5.04559180903889,11.0333075582748,-3.99356376699461
0.711241502818998,-0.914844770609093,2.77309716339302,4.17570147811549,6.48375150785209
-3.89722070939438,-6.09365451792851,4.07439329662013,-2.61440609381675,2.91096960039869
-4.79280974824907,-1.13447309523576,-2.51178943657484,-5.54116694686376,4.62232656802153
-3.69464804754915,3.83015450462297,4.6300450436098,-4.04770435503587,-3.10763282691329
-1.03569786481095,0.76927532409268,-0.460604530116797,-7.8623696449761,-1.49525738038594
-2.55384635018879,-1.01654226265701,2.04205815750555,7.02076181578342,-4.29643190419624
-1.92046946980481,-3.4015411920247,-0.0171639842227717,3.79451947661645,6.58271307934919
3.23785055190898,0.26105377628209,2.01190389136507,-6.68990096939761,-4.86723574553141
-4.83958454907464,-8.3326631773875,1.93371366871563,-0.673443854824574,-1.67473288588905
2.07940763670623,-2.96531930040054,-1.98961973758371,6.77587025792186,-5.43275046761903
3.77790250377708,-7.07198755054482,3.37280639657333,-2.65054287253931,-5.79078291593472
3.80123273373697,-2.91139728765163,8.18523733144569,0.403397211331976,-1.09971913253902
3.14215034455576,-2.56999371072774,6.08940965669973,4.27018835136832,-3.18119988309147
-0.932559686329988,-4.93055372021037,3.589145602361,-5.96156712760008,3.43035336465994
5.67857105649388,5.97404857842866,2.12137732494777,0.206747651272216,-3.4676520954097
-3.01981102964976,-4.85175896413411,3.26626293258321,6.07480582573644,0.50731921591108
2.25912842524813,-0.937143991096149,6.60560199389441,-6.45783261781085,-1.77918725554232
0.755492477098633,4.35797607619788,-1.61536636259647,-6.06899168884582,2.32870557536462
-6.63834980337179,-3.07189707019395,2.58121053363309,-2.50247354830517,-3.82291656552468
3.65002989898478,4.34872749907642,-4.68522395683859,1.16315180639613,2.67732287245167
-6.11190241226169,1.56530495444617,-2.13966088577049,-5.00172175034649,0.397268773115593
3.91882709018309,5.69154403310652,-0.107637442003588,1.59862963420319,5.03482188574273
15.5949023453677,-0.00486767618652026,2.52781728453749,-2.98569525949269,2.04188726676954
2.72165868774035,5.78230756588885,2.64855795014764,2.42132668635182,-5.85041236444796
6.49949553667208,-3.40484786336164,-4.30443481844568,4.79259098129165,9.14867683426103
-2.58870418819801,0.678972111072527,-2.4639702160702,6.47820372048191,-5.28550718187502
-5.34031254311696,1.18414059168491,3.15204067434373,1.19430680876342,5.62940552208405
-5.01280108056891,-4.24837158085238,-0.179904843000843,1.2061938610464,-4.42601887158358
-5.13545407780593,4.54963728243327,2.8835908793403,1.2047585547843,1.99684402357008
-6.45568258816151,-0.471669582198369,-0.383956830104811,4.51175643039451,-4.85171507403457
-7.49549054191935,-1.85780185965526,0.690466514233191,1.4842158607479,2.88769533918681
-0.461013031737674,0.488455921934479,0.386828311688337,4.48752408991118,-7.28972575457223
6.05553763945506,-5.14568054356501,2.64706469952899,5.39205846906487,0.178263718050452
-2.46911475055468,-7.22248661458226,1.73405653607474,-4.66206603204936,-0.416121967944082
2.63790593483048,-3.53247580333319,0.874404346451175,8.28432791248085,-1.71883720953278
3.1419244826966,0.139446856482793,-7.0652513882082,-3.64513658149218,2.30268194106379
4.87227265719478,-1.85296577912689,-6.26081920194703,-2.02755016150961,4.26382683965638
4.59334282744649,3.42494717681059,-6.33961317633885,-2.73273481982028,-1.04437241913126
-0.343199915495649,-2.40167690459714,-7.32098486945079,-4.64271906682671,1.86456795774974
1.72563907029105,-5.87319360614175,7.95343046710709,1.70959785638564,-4.94046956345982
-0.594227373296527,1.00799594707204,-4.80221844405403,-2.56582075586866,6.34433572165004
-1.64345584407708,-4.58536425823308,-2.92366722896663,-6.15221990406675,-4.0195478580708
-2.05412812051523,1.64805909544182,2.90123035549772,6.90108657833612,-1.9436743637196
1.38232530608299,-7.14538253963577,-0.0982122213620401,-4.22075679709325,-0.864739189730594
-4.10710783248922,4.27608122255743,-4.26107817606923,4.52168733076735,0.959549399660881
-2.52118434985949,0.851885532645133,1.61826527655271,5.62276362185844,5.17682385832242
-1.05472859996664,-0.771579043208994,-8.81528500294082,-1.81134832717188,-0.780617641600875
-3.24411041934171,7.89856932872667,0.578192905383194,2.54283448475637,0.259827888040971
-3.46445641063811,-2.40098116660467,2.727244134292,4.37075084163703,5.40938220575729
2.489839836824,-1.69881901378643,-4.05096395780758,-6.88430281157532,3.46254069042116
-0.11624888925689,-4.30324514029684,-6.12035551622881,0.227165868061406,-5.66811877590306
0.827036726448451,7.26732903984788,-2.85852866249925,0.550206718470691,0.0388197393605028
-3.5514811784523,1.51442171291512,-2.69263517633726,-6.26871707865172,2.5802420333923
1.86599608647507,-0.248077554956907,-1.74927197768477,7.57476026962076,4.48669937518169
-1.0995199934946,-3.79753448986752,-4.0913711662491,6.60074696232283,-2.36144415142613
-1.86602529661579,-5.98743427324465,3.29596888299677,-2.19602648528423,4.97251205988021
-1.29952549956804,7.12556810037814,1.40062242117896,5.23643299975362,-0.815542673854228
-6.35179439622501,0.0249885985050835,0.924758330322517,-0.718402321305597,-5.60287412882236
-8.09056314651105,1.73701793563308,1.76433751375622,-1.68335569731003,1.91942933339886
3.41097957329728,-1.99771559758336,5.41133148457436,6.2458666863365,-0.762850567773724
3.99832433766786,-2.2389380858322,3.62392435988305,-5.83815500496892,2.843778571128
1.94144324458349,-7.29870384901464,-1.52679909478317,4.21676637870072,-1.47097737251433
-1.21559275128593,0.584978803051737,7.19136313965695,1.31394752467239,3.48697291711032
6.89998538723635,-2.62145937096222,0.634016991043994,3.66904679922138,1.69203540440294
-2.75870796003526,-6.37421632666249,1.55067956135089,0.477339735116202,5.49364170933997
5.51534262144902,4.59916246732731,0.214243520587033,4.05389604872355,-2.64016195769985
2.27927424402029,-4.37378623323545,-2.16853611665306,2.1533053051496,6.32744994566419
2.18723631781472,1.80640374289313,1.65598410647798,3.25001155040522,6.6961714866146
1.11961447414957,-5.40718906143401,-2.81996153044732,-1.18866909133315,-6.91744504290238
-4.11999723295733,5.07236675428304,-2.84583844290167,3.24061968119197,4.65770220802237
2.66166545934493,-4.03865525233243,-7.44533423767584,-3.9432249732855,-0.343598073703324
-2.67610828986142,1.49970559060878,2.87585092861073,-5.62591150838295,3.9858567893336
-6.02787470745507,-2.98163923726384,-1.20942666404296,3.85241071381506,-2.22967789835322
-6.23437699322347,-1.37317414239304,-2.60225089161191,2.6196114640625,4.38923307319272
-4.66912487058904,3.15574275103691,0.930942049441191,6.0245448745531,3.46097075251912
0.480628527552374,-7.06411854173717,3.07965173696366,1.2203106243759,-7.31814695954895
7.77011388298199,-3.18122160250353,0.669981827008189,3.21063544534334,-1.87972773415194
-5.89972405386604,-3.28681745743793,-1.52662827402496,-4.69520156993,1.98125003085038
0.0617928437098857,-3.05268882620048,0.164782721357284,9.05393200132368,0.51125514665357
-2.23074663890161,-1.79979112696116,-5.64582837273344,-6.00734160861981,-3.36977813139025
-0.860846883155964,-7.91867163302402,1.23199929085378,4.39987957157297,0.411350629677496
2.44808059052152,-5.20372876160103,5.44823572108052,-2.12733744602298,3.07232409155083
6.41970313813217,-1.08899539791763,-0.473067495008206,-0.775221880508975,-6.17840093599988
-2.83287228890037,-0.935079621761647,3.84456338753783,2.9399894314369,-6.81402863744533
-5.47768223431791,-0.646664602998355,5.1363826998033,-1.3968282186704,-2.83204511558306
2.93153027826479,-3.7552268223964,1.77836336544948,0.339614479545157,7.51882007891036
7.07801958758253,-1.6813341877889,1.63144147897822,-4.77289612035826,-3.65695998101778
3.41821104939002,1.49383506243693,4.38308821162235,-2.57623094044045,-4.71359689800336
3.54017561918687,-4.24537800749951,-6.29803422702693,0.672572954956247,-1.85166460610563
-5.82595840307183,-3.39321287911436,1.0329339448497,-4.6059407526434,1.47708574930444
-1.79409248443885,-7.59890818550166,0.619018677686732,-1.97795975355865,1.63108924927747
-5.46535828025322,-2.68126464182559,0.137605700323232,3.62407133443394,4.43083089572031
4.47896297412474,-6.35131832275457,-2.47544482926581,-0.819739728610388,2.129988540805
-2.35635088227491,-1.5726216201552,-1.72958602476277,-6.47043548710016,2.88809242817841
-4.14991780705734,3.61666223746904,-2.94286685572759,-2.5336041264952,4.83052358511908
-2.72273071812758,-3.23958203279393,-2.43491009929366,1.68256060300543,6.72442440429713
-3.41545886345337,-6.46754736691525,-4.0308583857047,-3.27429931923008,1.6541420666266
5.5937771115642,2.12250405493155,-5.48138928108195,1.86070189180782,-3.45069228398242
1.53978007352389,6.57562363126119,1.11304475582472,4.69270843643512,1.90261814168207
-1.34211140968499,-2.22683675897102,4.20706975137637,-3.37192068478771,-6.45697950928199
0.190167100294578,7.6967059404439,2.81713530595656,2.11252656840303,0.799509046210483
2.32085310599499,-7.12842573149363,2.83431550811503,2.81141974502858,4.38469657402822
0.305624766652234,2.64765922013417,3.34067035831408,6.23972703293902,-1.38555929312269
-3.50813900261963,1.45801282117953,-5.29789261583114,-0.844643486686854,-4.47460970391423
1.09520526132677,1.06058563329515,-5.20824578441698,7.0024186538141,-1.22437079751286
0.582923504040779,2.47359856016527,4.67534337698439,-6.67878569880449,-1.14833179580241
-1.56529996958244,6.59228930297178,0.91612035784493,1.64818104356911,3.19435459526718
4.9180782512354,2.30816409063775,5.38518590892042,-3.36559248731105,0.642254010888753
-1.43876437343395,2.53664168118638,-7.22348401723231,-1.76921507076105,2.1856509013436
2.52602585283082,2.18192854213373,-3.69896955972381,5.42523378969907,-2.06394521671924
-1.33336299330515,4.98452217146888,-1.38808107499611,-4.11599537796948,2.92445468313985
5.96522272862644,4.84005635203802,-2.36728521723296,0.911215472969883,0.606196517693922
-0.188097050847563,-8.48675049465713,-0.770547987760846,1.72080049150509,-0.0154986249652375
2.151459913955,-0.425329143418573,-6.8647985709477,1.01972871248139,-5.47226879532763
2.44985180182332,2.10653563362562,-0.661284662930131,-2.9640856158437,6.8508424630508
-1.43797940538657,-8.2831632013651,-1.22653480765294,-4.23689096861391,-1.0634703437855
1.2001517413884,4.08121467067704,1.39670507129088,4.31696308514499,-5.93081590627837
-6.85992046215284,0.0986422550297898,-3.64700325656241,3.48304708466014,-2.22789948670282
-2.63622827632712,-1.025347750104,-1.78325920867415,7.31182884914756,3.83127166735723
-6.11033533151503,4.54633915781605,-1.85059869525274,-2.85582971689259,-2.17397933461218
5.45416377873702,0.355900945517811,-2.30083870258248,4.63234986048619,3.16949391750901
0.82150608130792,-0.855659933610497,-2.21225801983225,-4.70389755213667,-6.87763144245935
-0.315142860940597,1.66228345555685,-7.64848181910658,2.71579794446998,2.1655393683168
-1.41598354071327,3.5771621182853,-1.01280068969931,-0.758647595274432,8.01369650293211
3.88732211180156,-3.03607784551496,-7.89969700059914,2.69394286703752,0.101759428493855
1.2456411197421,0.28987838678023,-2.0719355459727,4.82873734342295,7.16972985289771
-5.46258267416555,2.67760122496098,-2.70579221799171,5.69851348054303,0.215124716122082
4.4450621503816,2.17432321893424,3.2375958955961,-4.97751089987161,2.72891572087723
-1.14868847853167,4.55774496151181,6.5434447211257,0.343570525674825,0.0364237896532745
-1.01997243894787,-8.07823046829305,1.17597292143453,-2.28913297383465,-2.67512290903095
0.583714632133132,-0.0501439886464715,-3.2176419841385,-8.19013435553365,-3.22035310664882
1.68555856640218,4.69401051687187,3.39752763996335,-3.1300784774424,-5.60517626787941
7.01217469345287,1.33349168244888,-1.9529346895345,4.06223368621286,-0.257928199801877
2.87470781203528,5.15842256260079,5.11835190603794,1.30128380120798,-0.465767411009567
0.427866841459189,0.788282103104417,2.33536058721,-5.65547534707538,4.92405430016592
-8.05983902507479,-1.10123197199942,0.24411212636645,4.25511824809284,0.498490626127221
6.31979507612158,-1.47758883738852,-6.34412678065703,-0.0377824287473501,2.60382816730483
-0.0921852470226475,-2.22596183347358,6.31801226961977,7.33680162838204,-0.960551356524658
4.29545423395155,4.17432143149118,1.1614792158547,6.24974612772345,0.125702434766822
-6.39172878796128,-2.93386723630464,4.82037575023121,-0.429442009791287,0.623432571031407
5.46297298362085,-2.45942339633151,4.46143160384104,-0.815850586640559,5.17412185430101
-4.27474691563828,-5.02449073089601,2.38886238130882,-3.34247651324965,-2.72369320236629
3.56701192643473,6.3486219339743,1.56053920901508,2.26316945645513,0.355805584230074
1.62937812919721,1.71234978735104,-5.0864115196885,-0.502033507348598,5.26636170164372
-0.482637872456223,0.0773038502003397,-6.47411867335193,5.29500840889709,0.742846655805857
0.794550779737912,4.25044684828345,-6.16215622253695,0.938289203674687,1.07522688092102
3.79434154970484,-0.0809269545655823,-5.54422369896722,-1.50727292278025,-4.82272921847432
-2.5808018743995,3.14198169153212,1.40259849559494,1.27471164278669,6.84901793385366
-4.91250844482606,2.40840384932372,-0.681116519218767,2.33840348151768,4.96429245325416
6.82603531866664,0.504955321287674,-5.27862878441225,0.754079842667444,-0.617688504805668
2.21052102390105,-7.04302242198131,0.705803380444489,2.85754209620515,-4.23043511769031
0.563664715082655,-0.308761695845231,-2.51944616463805,-2.77696657965768,7.07892840428905
1.98679046130659,2.93775722944043,-3.43147396981296,-4.0006844829985,4.56320219200732
3.57327385273675,-3.51773388118965,-4.05913430608527,-5.6133247369103,-0.412326608496558
-5.78162425540146,4.53866780136044,1.52802804815179,-4.69755776580995,1.91126022579679
7.1247776119976,1.26173787656956,-5.27680495265558,-1.24204630620987,0.136491502314636
-7.08530676954021,0.777158916118038,2.21289046523638,-2.93460759951242,-1.54652004406134
-3.04824839547176,6.57404432770397,-4.21805728491884,1.22497183736012,-1.32096669266245
0.669836625759113,3.10956967993043,-3.01203648833709,-5.3999493604023,-6.33374202246588
3.03371118951446,3.63957540987059,6.68865453065545,2.19868563874381,-0.684825948252425
-5.25573327225565,-2.844947651078,2.85432863763214,3.73510208959232,-4.132087151509
-7.28526363943995,-1.27038030137816,-2.39519331197536,1.61887909737921,0.888006559821811
1.30534121241119,-2.06621048705765,-3.40550395228272,-7.59550883919439,-0.058080262152077
5.17389674670412,-1.32408135596791,4.98153734320387,2.18426929999734,-4.34987281117482
-2.505346067852,-0.312547433464308,0.536034518411532,-2.60754736857977,-6.85265149515639
3.87669750506537,-3.60529773288906,-1.08747086047238,-0.226437389606049,7.05905518258086
-2.71358547372832,-2.68895091307494,-0.635106418304492,0.137198197241734,-7.08311312541321
4.44448035873331,5.41699363005289,4.13673516140343,2.1601216626974,1.61086088141387
-0.301474092911711,-0.371636746557425,8.34845936598846,-1.97728799262387,-0.811665408725447
1.80714374853436,1.34577010903031,1.79545753628176,-1.53541494021434,-7.34671073743831
-1.96275119839196,0.575225501828649,2.87921945921111,-5.58475220363091,-4.92351727224052
4.26312210905105,-3.93724959860462,4.54746880638324,-2.69969837120446,-3.83397571849735
3.65233600122997,4.70079041061595,-4.65639431666891,-2.40282401016753,3.09697927784616
-1.5506671258848,4.61054372183852,-6.49390461367785,0.536867502845382,-1.46267308585481
-5.05287582745633,2.9250976325745,-3.56791915645675,-0.479466544060408,-5.05425923069104
-5.3679907079519,3.00255286093484,1.8201830565943,-5.15555182986268,-0.359071292084274
-5.90393835296421,-2.13394657983464,-3.68867174916189,-4.54843495385853,-0.494235304479994
0.804016314668516,3.20234451421356,2.11691895690553,6.85641244175905,-4.3408202767432
3.78135698653611,3.38518069403468,-4.02050126752193,1.8620298701753,5.24476736061139
2.99656976069301,3.35438372437843,5.43308731378018,4.54857807731208,-3.42466251737591
1.94586498409584,2.38157285506585,2.78554627599464,-7.33431360157406,0.103712340053368
-1.73628765554561,-2.66032834773022,-3.05704248968856,5.36210631485149,4.35072448507057
-2.20450125818345,-8.24312374875736,-2.12577024842919,-0.825495602414202,-0.0997920104849891
3.31723300851701,5.84886781633149,2.98056232739775,1.76054883841542,4.16687967688081
-3.4633099263396,-2.99895938468606,5.48628247560537,3.4607415803424,-2.94877537729721
-4.14709937751134,0.960583070040758,-0.451339341115591,6.19284019086947,-2.19671070863526
-3.89696732799927,0.295228003371678,-1.11604952228704,-0.91304426216512,-7.00861692254391
1.7743001080121,-0.529851879765201,3.31784252448923,-6.84855893812137,2.48004317425939
5.55219128071646,-5.75301679824901,2.19689009466975,3.6567261607117,-7.14265190356466
-5.25510508659302,-3.95576318924142,-4.05822335603651,-1.41323483992883,3.25838365886716
-2.82975677090414,-1.90936846686432,6.36786359245592,4.75098098243051,1.76632202825657
-2.25707435430658,-0.110454008173056,3.63401178096235,3.27516511512132,7.01223482935275
2.49900471318566,4.77801721645277,2.82894786634938,-2.00350457248059,4.65951818157311
1.75216059536064,2.91537281016079,8.10312137059971,-3.04583953721944,-1.8337929120322
-5.24039031362381,0.0661507726342521,-5.13660132468841,-3.62784861831268,-2.40609311419181
6.21090370913916,-3.99518348809798,2.38381655756856,2.67776950489803,-3.51770180452294
0.182615126783931,3.35542376991282,5.69346322530386,-5.59548424429242,1.97115454877615
-4.70483273891456,3.50287737694735,-5.26919432212117,-3.1210834465682,-2.27432716965655
1.22532612743338,0.634205180462681,-1.42063467698786,-7.21124291427148,-5.61058496636414
-1.42588177194142,-6.47963517577826,-5.2536744123994,4.14590669066259,-1.05916507610562
0.274969835910333,5.18188940912233,2.85069326534651,3.59647906831847,-3.20632665485045
0.971622910389557,7.59659692092492,-0.367882901212367,-1.97523043250823,-2.78190378889762
-0.243319921251088,1.05023033133197,1.63655839863894,7.456527921412,2.19976060075634
8.67068147190452,8.43234347473488,2.40704441600339,-7.53246334266164,4.07762388364415
2.61512769034651,-2.92579491692156,-7.50505727159954,-1.1291117523303,1.79231619781769
-2.01002888655638,2.56201420338599,-3.20419559865921,2.31002304065069,6.12221320167699
0.952676088101976,1.44298490176782,-5.30255349435821,-5.10161450924846,-4.52373757259448
-3.97620029768897,5.07899219270884,2.85293295634857,-1.64420708876967,4.17266450243845
-0.851704903805022,-1.06694791313336,-2.75655990313104,2.90273402100972,7.13524976801021
4.18147683116802,5.67569781562372,2.49871401806097,-3.87374697221802,1.33540570366475
5.52097498872158,2.90067787171243,0.54517062171198,2.98628951832649,2.84660514633961
5.38368229939992,-6.41911546509776,-0.562598884710025,0.516999851986339,1.27521427084101
-0.40667608755683,-7.87358037796137,-2.7212022335955,2.45602234769433,-4.7237792001894
0.737729201975337,-4.83875113206711,-4.33570278132103,-6.05373243778508,-1.16905917886359
-6.50034562104509,-0.708528185419292,3.48375630192513,-3.26967258731616,1.06304777141008
4.2943824460865,-3.00655885379944,-7.099929142349,-1.23532146978415,-1.34964477019891
5.11207599057176,0.137422828012634,-5.44374803305977,-3.87286547708924,-2.09600324565632
-2.33534251896951,6.37078854204611,0.432201694647287,-5.0014131888128,0.430132672082092
-4.81964167957898,1.21223717225068,1.25355137274866,-3.48325150625278,-5.28508156393165
3.53206432735387,1.44083998550499,-0.659105564191551,7.05025471809172,1.34653139077934
2.68335366262574,-6.83503907353159,5.11755259453752,4.57044145184329,1.16650413013805
-5.78027917753703,-7.70404616798245,0.732903127330462,-0.466358821227057,3.99261559343599
7.90773763926661,2.35618148638729,-2.50244102188443,-0.243697006825465,-3.00069470080794
8.01650051570389,-1.31547544690487,-0.817281799553539,-1.39028648321797,-2.79540748298223
-5.95907107357869,-1.08145588040045,5.23799812230244,1.7983339584002,-1.42939989353255
2.109841151774,5.14269250525949,-3.06777380974676,4.27507117855558,-3.39847634508891
-7.22149325070925,0.636271767795355,1.22012784516171,1.92077247100655,1.67290797978495
-1.09706361515033,-7.67632538216803,-1.04125789017418,-2.83272746413094,-3.98645541633944
-1.590494510661,-5.09386995403153,5.85096951588265,2.55665490787105,4.23866721661101
6.50916514230946,-5.24610480835806,1.19836028494655,-1.15921729442436,-1.27444779299966
-4.59284146321742,5.40420758227582,0.535650413834504,3.89585847941898,1.63091833605414
-5.77292403867869,1.34439128686628,-5.75445452425906,-0.571953990403931,-0.884485593731971
5.47206436092932,0.711591888645165,-4.68032877939774,-3.09024028686939,3.27401138544583
-4.99668909556658,2.30060778642377,-1.25237135241932,2.76714174320183,-5.56835548477577
-4.26734558104158,4.2559312004505,-3.7571625022344,-5.14252834984094,0.253261187107337
-6.75275445721149,5.617550887937,0.32452309872953,-0.734278561764394,-0.0590343844570817
-2.54106581079287,1.72111587139112,-7.80148867044916,1.51993876742975,0.86254269546029
3.74885035094544,-2.68475667823357,-1.8297766844516,5.22278253081733,-3.12402348491638
-1.68868742552509,4.61872010046421,-4.46984641361488,-2.53833022514564,-5.35392894062046
-1.09542354383981,-0.917392952632773,7.966050936054,-1.22836825156398,2.10398020306426
1.12450494188065,7.1337567692016,3.03337444468981,-0.520586533863325,-1.88871501047596
1.24229228064969,-4.5290141721266,-0.187465180519069,-5.88219750095772,4.19382921175575
2.80338870111464,-4.69798768741854,-2.31932479155484,-4.1039863893391,4.45299186459074
-0.411254015467847,2.18277170374326,-0.68174175194671,8.01308998851826,-2.20798503276494
-5.11247487601693,-1.8433707622963,-3.74361189889958,-1.31619754463199,-5.08488348387671
-1.96781834632809,3.6492209593551,5.69209822215945,-1.93232236426109,-3.85221330444377
-7.23513354859306,-3.02505205746611,-1.4192844771038,-2.0811851573807,0.291626822895665
0.295592637468741,1.90538168605203,0.182222911070974,-4.03123591377687,6.88367292413854
1.76697946119825,-3.84428197589545,-4.05441816151388,6.1886884368949,-2.59374390646717
-5.54152373422578,1.35141679690241,5.94618620645867,-0.497021330473303,0.038225790580762
0.800500291440551,-2.49688310624142,-3.2447562997568,-5.34336564261112,-5.24857049361284
1.31334499541042,3.890965924453,4.63605125231698,-3.76655695942204,-3.24679772490524
-3.28584074377591,-7.28687752308142,-2.79756900754408,2.62805249738543,-1.720230132382
1.52712395687434,-8.17986062203293,-2.05728909419634,0.381185423402729,-3.09023140648227
-4.11305348031672,0.712968235328656,-2.63180944944308,-5.60169693744432,-3.36852558308108
2.90583076837799,2.19654061165174,6.33248323358134,2.21341222439162,3.71010352341295
-3.484404627524,1.69716462780124,-4.22683302632878,-4.499230179379,4.34134557026036
-2.65220841313954,-3.64644223534629,-5.78349506229516,3.22111178111673,2.00580371294764
-0.905697143513076,-0.427640741330494,-5.17889229788856,-3.55766797466061,-6.49977216124184
-0.0381906933852472,1.08224295778854,-0.0995061282058596,6.12943801808119,5.49667041797469
-5.86903615066096,2.25649612878892,4.10119348432851,-1.89870884348965,-2.12648325276221
4.71563245958227,-2.44315257709337,1.61606090335617,-3.11501684767758,5.28665730924808
-2.73600419064133,-6.92770776481718,5.75105479208359,-3.26313315005913,-0.497672425319171
-2.86412500008221,-7.89671081646919,2.02148493419291,0.480103766713356,0.821821407504568
-3.49486682167032,-3.81669269196997,-1.90340928747769,3.42037999012772,-6.02394612264232
-6.48291922269109,2.33985367982255,3.26521881012454,1.90572421426544,2.34483352355269
5.46839589692941,-4.33754393916657,0.531785424464957,6.61232208889387,5.21269619950654
-1.169910429978,3.95306558460621,0.0578903565208645,-7.26097498917388,1.03049510955641
5.42105803725019,2.25301089215774,1.50311434789759,1.91533350654512,-5.78675093379186
-0.813879231618211,2.62086440681401,4.16457157503038,5.25381516563609,-4.89314404024276
3.40159510366027,-5.42926965698163,0.467987933602518,-5.01894891013378,1.11741703692371
-2.17423427291249,-6.2349979694276,1.28708912536696,-4.74114899535878,3.80461416015829
-4.59001681647189,3.09184976149539,4.81076981710181,3.24975097539207,3.73163672389194
-7.41519498289855,0.542882800819458,1.98934901149697,-0.174527914131389,-3.60565993971316
7.41870044526966,2.84499970297719,0.666693913210885,0.558474634119246,1.13617509193709
-5.04970946207481,0.559720843347213,1.97372050007066,-2.95024951423367,5.79952027775449
-1.72096526542092,-1.01935530037717,-2.32182599621049,2.96851275552001,-6.59731675959365
2.97001143738852,-2.72797992264011,-2.78933816660818,-2.33096809546719,-6.63550981667854
3.94097657807314,4.80725879985271,-4.35641218013613,5.11901696973052,-0.406348642237617
6.82546716440732,-4.23493309206699,-1.6964392860998,0.505368626073159,-0.243225769893678
3.50086030042556,7.53051021823918,-2.22237078509333,0.720469436714341,3.09737767837293
-3.00219352860853,0.400695862376028,-6.61389486757682,3.32392036769414,-4.85089654311585
0.339497902280053,-1.01512887389547,3.9255095175533,-1.83647194649549,-6.85308272182089
1.27319912772212,-3.36630629530045,1.77000628569771,4.27691282164399,-6.36839328401519
1.35263160339314,-3.17457106223195,-3.5153385957661,1.44131292441822,-7.46358951310482
-6.53298466358048,-0.361213894822231,-4.39785727476244,3.82844072775298,1.30638832601876
-0.71829989848215,6.62378954453847,-0.20684750075437,0.303645425713528,-4.60182881774543
-0.329476247906044,-4.36015492886345,6.96578102182129,-4.05517166236725,0.325226040785587
0.505512779429015,-6.16849041103274,3.774347174772,-5.3454158888021,-4.20193362087276
5.42302647623199,3.71552528202508,3.6545745703029,1.55573661836573,-2.51278473151467
-0.276434233098814,-3.67684221652177,-0.206270014597152,5.74812164519981,-6.19328608780495
-1.70472850629426,-6.8938422439431,0.459538412321415,-0.112702355611168,-6.21944050995218
-2.1920544685716,-0.116111937117812,7.04893629405929,-2.72735821924402,-2.80860485617023
2.79472555183732,8.09252207461728,-0.701023544691326,-1.15937368942655,0.384261163197379
2.07628797536137,-7.85470407682085,-5.14016561850976,0.538499208191345,0.899414684710408
1.80847070611511,-1.32914532704784,6.03471548044898,6.0973332449531,2.15299049229864
0.403220633285649,-3.06840707887265,-7.04784948956498,-2.06377259498311,3.9508137140787
-1.49447817094093,7.67847391265449,-1.12457684977201,2.7866310935421,-1.22808828524167
-1.34063486264452,-7.38225149007921,-4.90888715501864,1.42102560291127,0.116284371053455
-4.8963993826479,-4.12444933510581,4.5010475992584,0.928618426310542,-3.5452586125384
-5.98220229785692,-4.8362326844695,-2.05853792050541,-0.716583618755089,-4.35901988095442
-0.668361091185038,-7.38616553771799,6.03916020796415,3.03758910016733,1.16076844571339
-5.38086433261275,-1.1282357040785,1.05436167647966,-6.05945699330737,-1.05182537982062
-2.3434096650681,-7.58232927557572,2.4895654911594,2.65097060602517,3.11928677091922
3.08188347408644,3.88378910714488,-2.42530317208996,5.42706141976677,3.0880408369079
-7.3235590248203,0.0434842620142674,-4.03144651079184,-1.96648416807611,1.59519001611384
1.21800050541387,-0.178645370646563,-5.34702745858401,-0.720572566779109,-7.93124116411011
2.92829500925989,-1.33566314781102,3.59022108952213,7.28686012874245,2.46725667177635
-6.63683257672909,2.33934539502168,-2.39828083288679,-1.36080222247797,-2.78143970833905
-4.85674491889649,0.870351334350954,0.762455736247831,3.64525424615406,4.98508906507675
0.36802600967465,-7.39278899416565,4.44661890048089,2.75313472875982,-3.44068838291917
0.712076515662992,-3.15499052532778,-0.274383657412732,7.0219979445493,3.21856433037411
-5.2479777667015,1.63949013570111,5.40102632414185,-1.74462928388079,2.51980119002356
-3.07218907588693,-7.83917000374874,-2.72798441519608,0.490778050172768,-3.14715681019089
1.00815453768761,5.11009933512268,-1.36526471241091,5.85096965109713,-3.11602102863845
-2.0815001123652,5.72075942474271,-1.7001409645757,5.65816928972144,-1.06534053709252
-2.20977905351563,-4.00165946875209,-3.4622529991156,-7.43346472168738,-0.409546958829638
5.06001356819149,-5.70399890986618,-1.10685897623181,-3.04487225924228,0.870485504664546
-6.93077629317452,2.18723134258806,-1.857963635883,3.33764436100326,2.42582892252626
0.929713092176224,-4.22729069370142,-5.05121452425711,5.31737887213381,0.461226062750913
-4.86549863942545,1.96232003439564,-6.64681191293493,1.88925098155779,-2.36617410718294
-0.910663403549828,-5.21066477926744,6.46641471979486,-0.972459076558757,5.5996419793298
-3.19383024905128,8.00789540471958,2.79534983657394,-0.966453623492682,0.0740154040838581
3.34458464241012,4.34282144922675,3.71712509065701,-4.10149685748828,0.0390038036552486
-2.93118303730554,-2.10928948883722,3.32033227029687,0.992740182674965,7.34867184147364
-0.962010543085239,4.46002616242925,1.25285210450384,-5.71607297485429,-3.90029670761275
0.27850755693532,1.41814837824389,-1.06167578353082,2.23507155172784,8.03007462176784
-3.42449253065684,0.959989547526604,1.76898332505866,1.21781406582602,-7.42460981107503
-3.42738802823157,-2.01259694461634,3.48466978049485,-6.19317294129019,-0.0542695478515136
-4.00834883186057,1.68863703802393,-3.8998341597373,4.54530454454825,-4.46858244939017
-6.99660367099146,0.564929566407809,-0.388209684637868,-2.93931548038942,-1.98042771613433
2.6431301527107,3.27580375357296,5.5019673481919,-0.31336030624063,-5.0804356774995
-3.09533427963699,0.703762891265233,-5.21108872048903,-5.11394488617686,1.72832767124352
3.0496768938533,-4.45586310165853,8.98829765460287,2.83898093821938,1.23927281374122
9.23617205985048,1.52441557150154,7.0393838573934,-1.43255793146861,4.49662275878715
1.41149860694253,-5.42924956175786,6.11611302871881,-1.23006880465227,-4.12128358330179
-0.0418803348584821,1.95737038199296,-5.68411156024498,5.9302014949454,-3.65632548882975
-2.59431888420976,0.398667543672724,-4.30859886693518,7.11335430262727,0.39831288564893
-2.70136512940143,-6.15804130577661,-1.44702994916823,-3.9690252003607,5.13491626048277
3.49863167423385,1.23227562706473,-7.5628861610394,-0.806551741765344,-2.23825220277626
-0.974095647708052,2.96364507334936,4.80003037222477,1.95849455173462,5.15269959633457
-5.18772820990403,-3.54649416240687,-4.99307521100345,1.22227195894954,0.241041991405088
-7.43790589352337,0.376106074354826,-0.793575795892207,-3.20869334427049,1.84745948708927
-2.00969777550966,2.52033122344579,-1.91277587148208,-1.59173861485034,-7.23426661651077
16.2437958048199,6.67923665052538,6.91266573625716,5.16886406809218,0.108218624599364
-5.16317501308596,6.17027227971864,2.12853063941979,1.43136689983007,0.0533383651261693
1.85911992832071,-7.68257883744914,3.51606245197407,-3.57187124831247,1.28669889891724
-2.1332888660488,4.37082756559688,-0.565774280622231,5.62007364232414,3.89425243200251
0.592363659775717,5.49990877862466,0.901159451015207,1.40261739581837,6.10438356403638
5.89311745278903,-2.66803200577011,3.21886983127254,-3.6380167397891,2.80503632671122
-3.69576310625616,2.07920747625675,-4.42511228376285,0.22491976588698,6.21694397179271
-0.283382826252395,-0.245246499641101,1.06018191949524,1.3184920333915,8.46044136898264
-3.45266146905718,-1.3218303265319,-5.18564694644619,0.671120299926297,5.14754092767552
1.18836311929837,-4.91922533236956,-6.25088464061496,-2.09346904612509,-3.15629736978787
-0.159163902426862,1.13619031448956,-3.96969070046431,4.06509385714574,-5.5731094775681
4.2198271590459,-3.17343962182689,-5.04015873657183,1.78161317937352,-5.04523269171797
0.874527032049133,7.07088888360004,-4.58943628277197,2.22360990339216,-0.655812970880146
6.67071547323291,-4.2260970542952,-0.953662780880814,-4.00849007461944,3.14281959443281
-0.281343047687756,5.71775174241203,4.33734137705099,4.57235583846021,0.597967798201249
-3.39850460172636,-2.32200697901833,1.45894767520693,-5.02011164742429,4.75130246437672
-0.657769875605432,1.42212955539259,3.69384915846851,-6.94234459397192,1.0813962226765
-1.55683370245813,-4.29833663353095,-1.76885146236628,6.79493207476574,0.102312831375902
7.409582335187,-0.200621837724413,-2.67663284922807,-2.98670230938654,-0.77797866101667
-5.70363349714985,2.8905896616239,-0.247392977390914,-1.0348406815354,-5.44641075459617
-3.92237206310605,6.23929598659155,-5.28627964844279,-1.08680791267381,3.07050448587722
-3.91607513186757,3.36302911669881,0.417616251647622,5.29969860206752,-4.51099182294371
1.9885133772575,5.99905902410614,-2.7913612148608,-3.60585539486579,1.64493938406408
0.00468193250074081,4.36695400018826,2.68241156659634,-5.69013901857779,-0.0123645617383561
0.681277329652299,-4.07949207702894,-7.87488637931309,0.16158050790059,-1.46260396582663
-3.24437468630242,5.47249183174931,0.450009841853594,4.97133695303507,-3.34931988245407
-4.02439508096165,2.46926609926426,-0.0417714635819009,-6.94394954288477,0.0698136329895864
2.38284442853009,-3.13729954855836,1.7246009115242,-5.21191160810106,7.34260948456811
-2.60597860854156,7.29835992795266,-1.93303884355485,-1.69230000141214,-1.7568385718776
-7.50656627936088,-3.69501347740994,0.722958773347509,0.633866561265679,-0.653084591088726
6.20990216598531,3.39277896490142,0.131625129730892,-3.97251900486786,-4.72118840902785
-5.77859476730468,1.45583651380447,3.95345705303733,2.9587499892334,-3.8267713140399
3.58985994570508,-1.80500492011361,-7.34408759854106,0.594677565089103,3.25013346536932
5.1822457825968,5.36794153259559,0.18596526475756,-2.4792228522495,-0.991389738726487
-3.90216575565849,0.6921760398417,-5.56904019889964,-2.44081111624308,3.39486551793814
1.72352397406028,-8.10199826514818,-0.824405192678276,-1.81758321815568,2.19078354671806
-4.37565227235456,3.8826003856325,-4.93022744890063,2.57312568828242,2.10635252429844
1.27191549535095,-7.54566204577476,-0.548640433722621,1.67020395415294,3.6621078393574
-6.88933213114266,3.08643733255181,2.79778778241929,1.52916472115669,-1.23320688909703
-0.219320508803217,3.2750172725783,2.84442754500141,-5.48961044566905,-4.10913249930548
0.819282618980556,1.5649557254335,0.747531345275213,1.67646369136616,-7.48358153397825
14.4924344847984,0.249029288631837,4.03752932837767,1.92392613965005,-8.22558504754283
0.491393614283416,6.34192647228857,4.05366851459381,-0.95993055471488,1.65294531499139
1.69318221194934,1.33493355242338,6.13154422196725,-1.5912592568352,2.98958171795359
-5.6801208487428,-4.88157725632231,3.04482869403187,2.00152508057348,-0.85569951935796
2.85826088573988,-5.69966613769292,-3.95340727700034,2.98810956990115,2.94340289408067
-0.866647232951862,1.76330841678276,6.29587407799371,4.87218839539135,-1.55761312936904
-5.49387688181633,5.74452445278576,-0.241397349257056,-1.81355103922679,3.73367245678081
4.09828401157595,0.722822763681353,4.32539755908852,-4.27718616849411,-1.2122913607406
-3.9683048713639,-1.55203355556101,-4.06823290107452,6.21721891030872,-0.559712615592324
-1.06633909767732,3.55973024070809,-1.3722585819744,5.08303846333102,-5.41538735475734
-0.602835193848701,-6.11357709493319,-3.68546171469567,-2.26757328889265,4.31202389551014
5.80131020535517,-4.63262510712204,-2.95340331730797,2.87021096068361,0.0416928073014417
-0.82258249149852,3.0621261625377,6.7808831423885,-2.34600692791117,2.44672073319869
-1.39899516429928,0.00375978890913112,2.87363557868675,-7.39264875902247,-1.78732821919999
-4.15577288432789,0.581230756295819,-6.09195481280803,5.16022001510058,2.34748747004758
-2.35690489993731,7.45608745514914,2.62977697707879,1.49564149880979,-2.68364309988945
4.33728808932667,-3.86269370956815,-4.09673386647766,-3.14129500252223,-4.38501132711973
4.32724514014722,-0.265412777567502,-8.50197362653812,0.460365001942677,0.785193534421338
-2.47379985047233,0.407649082497997,4.76404985968114,5.57381406458294,3.4815322513579
-0.752866547687389,-4.45387597818046,5.52596067464204,4.41859568922576,-1.50678922552936
6.75959961397978,4.84698989360427,2.3047652224298,1.28054996470945,0.360355568644773
3.78485787365297,-1.14228887390319,2.46211240426883,-4.09094193743785,-7.89106120282805
0.763878917608716,2.90841126320619,2.63237456997131,4.52525229529831,5.08262014076549
11.5895728663294,7.25744715627989,-5.93764630617267,7.07693448579203,-8.22532245503959
2.06202279734303,3.12315314727439,0.544108861350204,-6.42014019840765,3.70589986529366
1.46325837515683,-2.06232734936531,0.230440291826178,-9.08319573927407,-0.950674786835916
-0.964072994525038,-4.91699770706921,-6.81578360887394,-2.40792466857957,0.699990334657372
-7.0681419254287,2.82683870057177,0.0519946663416913,1.20396289517672,-1.97486686460662
0.692726646655617,-1.52285601557486,-8.48871602471599,1.82966606013801,-1.53798201363854
-3.16891183377171,-2.25197575033352,-6.49696419550135,0.474231324890471,3.01403894253945
6.00075104890891,1.56261596953519,-2.29368885440898,1.42954563413557,3.56104013135804
-2.58512055232819,-7.50719267230211,6.23657252451213,0.797276767642266,-2.72210560712203
-3.71620993227146,1.75863281426834,8.62662237686106,-0.673183275079998,-0.641987698752679
-5.27202686368333,5.06041616865899,-4.45174533759741,2.45730618658781,-1.47937234060271
-3.9984598634373,-1.97239689726871,-4.46591088880889,-1.88930295635803,4.87402150037378
-1.76129396445882,0.945120543296792,-2.03136262520859,-3.74742696939558,6.46991068306469
5.06083803466041,-0.534152060940004,-3.26648496236777,2.63855131846439,-7.01477866701946
5.36894215262282,-4.58212264117593,2.71834346827283,3.30159165513936,2.87337569253354
2.08656035310145,-6.47110473622972,-0.0871124505003424,-5.1970132586917,3.43315948103529
5.48848111594876,-0.466891055830078,1.34530496496337,-6.65816676178618,-2.650975428801
5.76876670993403,0.614174085175952,4.6100356830708,-0.858225809384189,-4.00813061468519
3.39925929160536,4.0671447265809,6.26924721425017,-0.671605988528364,-0.248887934785733
5.61108212305176,0.443248449388838,-1.68820742714854,-5.27240677019169,-3.94971404754613
3.37958016890869,6.49145283205777,-1.66436471898187,0.324548224758187,-2.1390024139056
-0.861558988019996,2.87622171706139,7.09738707217229,-3.63872622158971,-1.937831480333
3.94786743528997,-5.11199906596919,-2.52486822425346,-4.93597893528934,-3.39452366204329
5.1138718060755,-0.300534309109298,-0.850776152418599,-2.90408056482831,-6.93686809450303
2.44987939518081,-2.53363975616582,5.9298163256439,0.643078048730503,6.01929497746544
-3.21778540150177,4.30138487774784,5.96627102095975,-0.673200870900333,-1.0829260174678
5.53385168009625,4.22411029882794,1.11137699686397,-2.34688286641334,1.94123573561054
0.211231059065835,-1.52529079499484,-5.63664546557267,-7.09664393590604,1.63237871810333
1.72486050429067,-2.9909544784651,5.12294646433013,-2.36177448437841,5.90580822441096
-4.52001030508884,0.709136824214407,-3.33218486641631,1.34847070656382,-6.16466151027088
-5.66632893754387,-2.27708142934784,0.865161413526566,6.63499240424047,-1.42850174154693
3.96130832490518,-0.671115030048282,0.802505578521844,-8.60862657910623,0.469053643848327
-0.0908180859570668,-3.8573795897215,0.738055328321313,7.71972739138327,-2.11804363183902
4.3805871455398,2.44634605662976,-2.52278224874958,-2.88027492352381,-6.62817701598906
9.00419651476465,-1.89978458111911,0.995815383398727,1.78515417335523,3.13651972950802
2.72358492895069,-3.55849096337333,0.235047070976389,-6.97330930719976,-2.84568752322512
0.897958364338529,0.434201733627882,-8.21208396461524,-0.972912069934334,-3.43996088824972
-4.97613343104824,-7.48856646074211,-1.59898359436657,-1.91600376108329,0.961089068340734
2.42737948317683,-0.285795656507811,5.74110124481566,-1.2935216762057,-5.23633298940519
-2.92834577897247,3.76243032956405,-1.84732629967783,-5.6336509872549,-3.05332224705722
-4.55860759210906,-1.87492250604759,6.86714974338609,2.42634501630385,0.61127003521913
-5.90162473352431,-1.22194552909023,3.24066800082517,-0.59649455894582,4.18524670824185
3.05120223372052,2.76158064133034,-5.10422115470715,-2.93264697111413,-5.44986451350361
0.903281069980458,5.53217507757901,5.84030820957711,1.54599821128206,-2.60451653697696
2.59185972758546,-1.1415637960169,-1.61684722687228,-1.26023411078682,-9.18560480851156
1.13681223444746,5.19193953274867,-3.1229244825199,5.48114884991782,1.24833773033961
-2.6470319546339,4.62210475683444,-5.34140055516279,1.76542637656422,-2.96328430724732
-4.20295900554655,-1.84817865096535,1.66929716884174,-5.18396424819143,-4.36720284619658
-1.31042197852954,-5.54053799985932,3.94146265281925,-5.01907515538775,-1.8228663581268
1.44484085644164,-1.24639422362634,-0.691493221995131,9.38814771246485,-2.90082653754286
-1.68200606170133,2.51092681540323,-4.8830061822532,1.44854126979173,-6.20745134413615
4.09801559504813,-6.93692633251482,-0.760727128669641,5.5986421131098,1.17804338260959
2.2657831075719,2.39270138946676,-2.78346661216994,-6.96008341188832,-3.8737321434377
-7.77131630147915,-2.32176941138531,-0.117927314750091,-1.89951117127138,3.19739507547018
6.57634025291087,-5.32286351024938,2.0235978074474,-0.389741248359121,1.97929643752169
4.76538607465846,1.41658115893073,6.59444157940121,-1.10119909457202,-2.61907401163073
-8.6959269332148,0.892445411164697,-0.793472243929216,-0.677872367956081,0.429493983352399
5.27197179848483,2.49641344559631,-2.1684576448554,-1.22226288117942,4.0601628783218
-3.41594347096654,4.19547364989589,2.33891310164782,6.38532702740103,0.287686740721748
-1.86897487548789,4.1823899617571,-5.01707875012111,-4.4305885950673,1.25465511220056
-1.3051801649139,3.99474982804478,0.999650108163004,-4.33084717080537,5.33781301291385
4.77790605056713,2.70827682908675,3.03628777008945,4.5757965917187,-3.28264676182262
-0.539048561184361,-2.43882904426239,-7.74248142712846,-1.34897373194837,1.54514657655838
1.12204271494535,-2.61737751788443,1.97923486674411,1.10011260818268,-7.82851481472178
0.756185904860789,3.82679108987521,3.0632659152954,0.77719441676657,-7.00050460345636
1.85553962937619,0.374393365211993,7.94185291504396,3.28205162392333,0.5387285650694
1.01460558799737,1.21459556214178,-1.86256881290091,7.76543550447213,0.980569288746196
-3.35301886919223,3.45630792356819,5.56104737230651,3.8365609584537,-2.6451573672809
2.83627239146094,0.862689641301307,-4.61193212207408,-6.9911440083218,1.45720360910439
0.484617654797763,6.33654646740076,2.7624199199708,-3.99404495035306,0.784331036096904
1.48881601838781,-3.10237993071615,7.84376448793933,-0.0183701575050643,3.97555436281908
-1.18880154767899,1.19793313841488,7.67643260864592,1.2224665450208,0.542792614292545
-5.14985879315577,0.265520937458905,-5.88106973734494,-2.75615724635622,0.973227067461427
4.23476358778429,-6.63259505093982,-0.899949519310421,-0.936068000408174,-2.32934296871768
2.31690932404896,5.14652382886498,-0.988081717146787,-2.50798163775184,4.79055753145882
4.65770893435158,-0.814484045526451,1.16487214585436,6.31974870746355,-3.9724654464508
1.02200833067977,1.33586242526452,-4.98804489156138,5.77985847749352,2.15176871855652
1.35052704814031,0.844694454922688,-4.16059585493477,4.52244356013243,4.70762036399322
1.15220908866886,5.21604607381332,0.265634961368938,-6.75850859219927,-1.5726224664142
-6.00051215067775,-0.549776917087716,-1.70760515375629,-4.15441014469605,-3.58822833212823
-5.24329318282033,-1.86100525008391,-3.23628673319785,2.2814839514806,-4.56366932778284
-4.68591566662295,2.7378638777265,5.31126938520766,3.62350424746504,0.866493359266453
1.99459305805919,-2.79566668046697,1.96703902733727,-2.3296363330971,7.27801527872803
-1.82025670610641,6.3299520526041,2.78577552075279,-3.48588439687961,-2.21129989066187
5.72874612908886,-3.07404282279591,-2.61530967866562,1.31373672989869,3.57891004729583
-4.15868256392195,-1.4010466487382,-3.92382318913259,3.91395811322888,5.41470583518753
-4.67888395785939,-1.08914895942534,4.16308184077556,-4.66507664959675,-2.69587621952708
0.716503544976689,6.24086595388813,-0.145078119745072,4.21762932765989,4.20580404004817
6.0461988563678,-3.8174176831244,5.10562058633091,-1.68564163054782,0.409915242027222
6.21910395365458,-2.06375214642114,-4.58780550252465,-0.681814377119644,-3.05203643661012
-2.11324247507142,6.30471882187282,0.065904416763897,-2.95081997056622,-4.01282704039845
-0.408825606239356,2.14078709164931,2.73268759040638,-3.25468936439333,-6.27509572926549
-1.10693011516084,0.0683169165392928,0.140087032021691,-7.49507306575065,2.28111474812263
-3.53037178369765,2.57209423740152,3.69987305740275,-6.01211302934767,0.0824657897563965
-5.35469983281302,-1.4584351234851,1.43539695967467,2.47302990928709,-5.24495661461471
4.44734799531847,1.1869383171438,-1.80340524029805,-6.92055212075172,-0.63646618465899
0.00948482421173627,6.35586473160791,-3.27024573449122,-2.55061779694971,-2.56024082693154
0.20160676146393,6.30538499361067,-5.67552359739889,-2.66809005077518,3.26684217933144
2.6001758609593,-0.295665483901606,4.64903964257359,2.97157680707827,5.28272847616727
-2.95990148676689,1.86926649050931,3.70835625033114,-2.31341794715163,-7.0409025751605
-5.86478832095753,-1.8755685187105,0.505312634862374,-0.0444463857707507,6.09006560047176
-6.27719035217384,0.164634210847775,-4.82173853984963,1.29218146610607,2.90378086000137
-1.58884678834303,-6.08864867938087,-4.69970902594497,2.19355531658527,3.49514912764171
0.122915667761368,-5.54026622325953,2.53827832095289,1.48688519860461,6.14121142516363
7.80768979239074,-0.511409789455486,-2.64184777193029,1.34318133891491,-4.30938961901042
2.49139943469681,-2.78959097797933,-0.610373540849912,-4.46453777685305,-6.2848189756196
2.51538823438991,-0.5805715018296,-2.47663890341579,-2.60263662012388,5.87058804794939
-5.65559003022758,3.85995656213151,0.988790874537885,-0.463534141294256,5.05256410795228
-1.64816825652325,3.80084297157972,-4.90620136819534,4.22923662232553,4.02853953239369
0.117845717510373,7.10231466702968,-2.70548080124526,1.95353196686334,-4.05642463464182
-6.28672933661372,1.28037204294059,-2.31105158640253,-0.620152204659064,4.91463724400037
-2.367476178616,5.78757799598468,-3.22047561484206,-4.16279213370073,-2.48459601266549
-5.29314222671743,-1.20523804785146,-1.40953875045445,-1.91202338049093,5.40584905676272
-0.216057523398881,-1.33115109490593,-6.010897569647,1.11762773503047,4.81207099776733
-0.433664401993747,5.32254709584856,0.876682740878492,-2.68775367269396,-5.55248274892124
2.14567330418061,-3.30000958510674,4.38407809266477,-6.83224122670584,1.34043781171093
5.07517716931901,-4.98434925270222,4.09053579418409,0.466308815813971,-1.39227628742436
-3.27947211608147,0.735406715274626,-7.46359048101094,3.61137312995709,-0.680981270051853
1.81851997840069,-3.90740451159354,3.15620385698899,-4.72947863659445,4.52117549810683
-0.0490623331046651,0.50058959301652,4.85059867110625,4.02926286368641,4.21058013400276
2.61772436123345,1.7466302696008,7.95530692036115,-3.22240148517667,0.262929211515007
4.27795893579345,6.67542557547561,-0.80629954384856,2.59322296712189,0.0160968730764659
-2.80716279030042,-7.1596460800746,1.79801795631608,1.27582859320481,-3.65234418211535
-5.13941209865042,1.15385365853397,3.06293183342394,5.78988166255063,0.42465566306864
0.48488686925737,5.61343527603046,5.66809955673487,-1.36079541909095,-1.89924080083335
3.42011745254988,-8.10358020903078,0.26694550118388,-2.30854013938612,-1.66658792084934
3.22962293003432,5.94779323744483,3.93360344658541,-2.54701687158246,-1.32771963338869
2.82778783012778,6.65001177248677,1.68529259912265,-0.8471214286265,1.60256740966018
4.87223242336682,-2.12824618397919,6.48912402935017,0.219188194364213,2.79371892310602
-7.02457564315427,5.14323089645074,-0.319103042200535,1.13506712490317,2.63595807966291
1.69655706263526,0.615846035246716,5.34258653701775,2.55640344689641,-4.13025169493987
5.24241609272117,0.862528652497842,-3.3041808062729,-5.79100665727849,2.18895816863706
-5.58498318311375,3.39593832891342,1.18304246353504,4.90368025612938,-0.789123860135277
-5.98812978051948,4.32389864292807,-1.34545107233547,4.29880125736565,-2.45964105704161
-2.95710164406271,-0.980888345640679,3.77987000599454,-1.57167319205461,6.50196595942363
-4.01115310823416,0.330033138862779,-0.690371188926159,-6.44464419758232,-2.01581572034845
-2.38714214926195,0.601136229012878,-0.579693544007228,7.76477870967944,0.382939770429744
-0.802060236213776,1.69453678028313,7.85720556370687,2.46675545749515,-3.44412672200023
-3.16032798218691,-1.81495855041728,2.82036752879721,7.8175377603339,1.80925883581713
-6.98599473042224,3.76900496050917,-2.97121300860405,-1.66712368636246,2.94258402125193
2.62829638275206,3.74994080434649,5.21094582575219,4.4332935373202,3.01462622077731
4.54691312328752,-2.90783925143857,6.12071846063679,-3.73854362187392,2.39465827834645
-3.42034447700202,3.68355040119473,0.851322222992813,-2.64611213308972,6.6849443276782
3.24209548803822,-0.176987805097019,1.57245248457736,3.13540713763089,-6.75891109221633
2.86561069329758,-3.50612469138103,7.3399971494112,-2.69445535711737,0.0617236618069587
0.0789417870670482,4.87206495432842,-4.2739865261173,0.27959883294897,-4.17256190526459
-1.02985966001982,-8.39584354006467,1.93517501099798,2.42407715367989,-2.00800487081942
3.53399818162122,-5.7265663168188,3.84032287604387,4.30915593621768,-2.82238546140069
2.39680554029714,3.67434346639527,-6.47005657191592,3.0660863989773,0.366143304428931
-0.678567562194745,2.90882288159022,5.76190596880616,-0.710484460544616,5.41740296031833
-5.72993288906242,-3.05099389202649,3.10537478171894,1.85802635567452,2.85690995087807
-0.169021885763557,3.61352228336787,3.61608209052692,-1.67188481905866,6.49526068156668
-5.08204925459303,4.40569551125971,1.8576245624605,2.95055171564006,-3.25812204183731
-4.75463923093037,-3.42990550129528,-0.995613238514283,-4.04003637349149,-2.53552823936936
-1.10590857437997,-5.6452941647891,0.983207034429479,5.27040862077899,-3.11044112429743
-0.854892563719808,-2.38177261021471,-8.81069371192012,-0.370521262957145,-2.71042018900959
-4.11646587438293,7.60805822829352,-1.70426081842003,1.19276394629262,1.58164566031516
3.14563199120125,3.83652658857716,0.978662409531107,0.757426966053967,-5.64186793976012
2.86965855891788,4.24295501640369,5.47292516444434,0.212183372585454,2.95388071837901
-0.463197613108512,-1.11561926219041,-3.1970187052477,6.46091026087451,-3.28056147861637
5.61330527824964,2.00638760998822,5.0323034377483,-1.047226415164,2.62666092875378
-3.43971891751346,-1.44733475050912,0.156653274215382,-1.42827740581396,7.47000457101675
0.71695499029285,2.7721813623519,8.00050765916314,-0.482675545206169,2.56732581693918
4.88502439418544,-5.53405632288797,-1.43533541755022,1.7395267321901,4.58859189182446
0.596511497642992,3.68959545499147,-6.14353159571951,2.50224758759218,-2.50264897077897
14.7977994767879,2.10303230536497,-3.5750321771338,10.4656675246502,7.34990528817306
2.01751514902192,-8.49176159804918,2.08634751677631,1.12470365576752,0.570131604337671
-4.47201735605885,3.30441261270204,2.22616677464937,-5.1533590578899,-3.25180138053022
-3.64083585929801,-1.30623788622078,-0.0237740500248215,-6.5909645904109,1.39330907647917
5.26483301329765,3.42268325365046,-1.69822210858377,2.83668946259763,-3.26664213083194
3.99496452596244,1.42176844838486,-2.06029109000742,6.15123843819804,-3.52229395744119
0.0240729662966641,3.03356252638159,6.83580236129415,0.647309177852744,-4.73571260322343
0.0994628228334847,6.71575487447259,0.737332104863941,-3.54599050664685,3.58905888783887
-5.19036204430879,-7.48598607623107,-4.15382030235316,0.736386239744244,0.994046330396464
2.0309181617301,1.92165521206431,-6.59958117330111,3.97487104260128,4.18635321592021
-1.42699114149783,1.05103698690025,4.23344212654971,-3.28890792572514,6.60375732433038
0.695782426965275,0.843808499359598,-5.06744739538365,1.92087290190013,5.92115267862748
-3.97505184089443,0.163988954629128,7.01832729338154,1.74255308071483,-1.62641334629089
6.37948748926014,-2.20645529772822,1.28138927012533,-1.03923962471065,5.58312966640822
-5.50540250552324,-2.00310940085985,-5.38226803633712,-1.33736617102425,-0.979811599440047
-3.45235693573188,2.54882965695057,5.62984938369056,0.739829738971318,-4.55142684998001
-4.50475509129642,3.25502632298984,3.45817824625136,0.939501336541512,-5.03835828395326
2.16780219695933,2.97955558593286,-6.36599488990996,-6.10783710099164,-1.33675825307487
2.53197774054801,-0.350775046469484,-5.26794518230465,-5.89716083856805,-2.20630736528478
4.44554557160586,3.30630943155145,0.627719181251076,-6.08469233722505,-1.95994095475945
-3.55085683503421,2.86952862550405,-1.65413883309472,-4.02152578971623,-5.39635392340236
2.62826920946577,1.0257583233178,-7.56334948668577,-4.11067182455925,0.160389692541881
-2.44391431716862,-6.90135020106551,-3.55133963801695,-1.29828922695591,5.0014883636146
2.9666372710946,-6.52144410251216,4.07381149418276,0.320389631533926,2.28599597218334
-3.05629724872581,-5.37019305833172,1.39484267711499,6.64309328244985,-1.09263687238995
-0.849849252296586,6.87808854385779,-4.4854370846838,-0.915896806416537,2.29421370838462
0.0900877393581794,5.5882855068284,-4.98075264962706,0.812643952064521,3.63715488653737
3.73773679967733,1.51709120695611,-4.92674832272485,4.44575293969121,1.59799174820269
-0.0339975455909185,-7.50692694690742,-3.57069065828977,-2.09898026217791,0.894380135657528
-0.604365481781548,-3.68051924989676,0.0576028686640874,-5.66768102138961,-6.56039269892851
-0.71683446844526,-0.867406285651742,-7.26483913514869,-3.57060575552764,-3.31541017370554
-4.66591077509377,-3.49972119907727,-4.10089419654832,4.39930685047077,-0.0816390515972312
6.56143302689725,0.0836936108717724,2.34275139545869,5.05830178948044,-1.08407394979992
2.10069525153992,0.637080382564259,-2.89489269711517,0.78159664841376,7.55123051646479
4.39819013151062,3.97558521994015,-3.58857107595761,-4.96631934660277,-3.36403425894506
5.59777241106209,-1.76265722429602,-5.32533999250933,-1.96947592891236,0.699408908935699
3.06350691543924,4.27548611196915,2.89426049053199,-5.50341243500769,4.57675800954599
-0.62046718985032,2.41771214834672,6.35947156971186,4.57126829349241,2.63572788816994
-4.20114834973743,-0.937134911391506,5.01346049934872,-3.85674430142059,2.19366542535736
6.67329671887199,1.6705695319084,4.83828677880836,0.978292542691838,0.51515467195909
0.19665361342443,-4.04241729915769,5.96333118511322,-3.6453350544027,3.82960840503606
-4.07811497284113,-2.84368328403665,-0.689423998566074,-6.15378876031843,-0.346463278856921
6.51938360135731,2.69891248572119,-1.28743194730559,-4.4712288240355,-1.92477681910275
2.43560495830293,7.54148975030991,2.75864383915012,2.79292003672765,-2.29884044004314
-4.60733668858043,6.77481775162734,-0.560926867506833,1.48291248352658,-5.0808715570877
1.83910389637538,0.26520428443377,7.86838932605081,0.700900463688985,-1.66896805786984
-5.62338842491862,-2.79682436430014,-0.765224439895854,5.34624019315659,2.0484060349847
-7.8487425356903,-0.301421223204404,3.89661757538,0.290863301064529,-0.690665344176852
-6.00894272294802,-2.30381948801487,2.84467944668515,5.08178526838429,1.9457429723629
2.11857731102848,-4.73478861748923,-5.23596238017659,-4.65989104331504,1.54725432190626
-0.56510924888275,4.91069190118211,-3.53550442922721,-0.687719416644132,6.03430521918819
1.24243400132316,3.33924878002144,-2.4143436824852,3.73999032883945,-6.26071444781307
0.885545965595591,5.27747383554856,-3.07472874532995,2.19273586989763,4.82395192072733
0.27018602781824,-4.60561614957145,-2.06181927291547,-2.84508691418523,6.79721279637773
4.53852890974274,2.33026725080759,2.60951859412548,4.52540677745028,3.51223051433087
-1.95916121171683,7.39972892025732,-0.222660190177562,-2.90370513935679,0.33686189398791
-0.428606164402929,-4.93802943596353,1.25772506095931,-1.16064942927249,7.06452282844775
-4.81914819259627,6.03944612386622,-2.11076079142758,-2.10321841184924,0.875865234773891
-1.55692932678775,-1.45057595944932,5.55789735121242,-4.71742345481743,-2.58219831316095
7.642067555883,1.72418902819849,0.563259290743699,-3.64113138393172,0.956817608150786
1.10609089702007,6.13771941084245,-4.55056496893678,-1.34617131269433,-0.986581497137869
-1.5476597720511,-0.0591383121155758,-1.02974296706488,-2.45881007383142,7.72642698529311
1.01088115696826,-3.28072587259965,-5.55526164648027,-4.17748897806155,-3.63806095428648
-0.605659748163931,-3.35166846803646,0.787141148926149,-9.15137830224003,-3.37194167584462
-3.34608683090891,3.48522402421258,-0.0842147780892573,-5.83526697101376,3.39983404229382
-1.85842834918874,-4.23258557656349,1.67285091823619,7.630696657444,3.25380608855665
10.5205341890759,4.24462428634575,0.954753987021677,-1.86838923839807,11.1006359126348
-2.83745224561482,-2.18758859254168,-1.81503357166726,5.21091695107315,-6.08508887951175
-6.30948140419852,-2.89198367319882,-2.79906587124922,-1.31576503568563,-1.96963042078965
-4.96397290059199,0.994864952840326,0.331814694357234,-4.53643807970893,4.32870152278062
-2.53873342150419,-7.41045958358591,-1.02049676154313,1.03779748008656,3.7625129539583
-7.75781833375785,-3.12249760074432,-1.05713347511141,1.41429786875666,-1.72471457897699
4.67686881192303,4.75599136275597,-1.60654714522989,4.47922616742899,1.36784866891928
-5.50265955035381,-0.92389585965046,-5.8566484764791,1.22077924051542,-1.61329122683449
4.98620536196701,4.55922141909232,-5.01194570820352,-1.71836314612423,-3.21464585677425
-1.18166307662734,-4.70904523388479,-6.29946242776204,-2.37448801365623,-2.85028500488836
2.52141291443349,-5.79674767240202,1.95052804877319,-1.43643158546431,5.24632967293814
1.89113390075174,-4.57851643577837,-3.5522711139115,-0.406490214974971,6.88551198093844
-5.4721253585904,4.38083317408395,-4.53652948103334,-1.4903397452075,-0.201052094655926
-1.46784526373624,-1.42118451863628,5.7307648995028,2.26588801207229,-4.7464859670431
0.682621161219165,4.36333153842489,4.9948653883628,-3.18464492764313,3.30713555523558
0.663624541272237,5.99839432191046,-1.91840768217053,-4.62747797230813,-1.00269141480662
-2.7962460342748,4.86158615838096,4.2778923579415,-3.38508598847578,1.13916077681803
-2.09758078341271,-3.01509035582164,-7.68565405829633,-1.31456200637703,-4.98018987348349
-1.47186303670302,3.67287070792302,-3.26649195661234,-6.24035218676809,-0.158811212051373
-4.5521758578721,-0.478299033857879,1.83533447253037,-6.10058322059648,2.8638265633437
-4.05725143588685,2.28116809352947,-6.12941176060835,-0.0619233459223085,2.60337226608417
0.85766829224714,-6.7164989887688,7.31045375145124,-0.514615051873028,0.080293250009437
0.136343539379544,-6.63032729376507,-2.77230281685868,2.85885122741568,5.88864228017251
4.10425116272399,2.46335137446409,2.77994899513978,5.74533713122657,1.21391184744141
-6.10286140433709,-3.64782182250677,-2.43456819177124,1.5754407351558,3.00948887284072
-0.896402134510696,-0.830813085230323,-1.16333693344271,0.597626951105113,-8.5570517330237
-7.11576431411457,3.05958747273228,-2.31318422696146,1.79609612666306,-0.791482993172913
0.892924641555849,7.25786387997385,-3.11924535032231,3.59300125602372,2.26741068808406
-0.183494186677982,3.85069295780106,1.73978901295422,6.87533435239636,3.71615543611298
5.02972980630006,3.01330933016494,-0.175914696942596,-0.672954674326587,5.73143209000212
1.24084370537581,-5.1164919308941,-5.25184978802074,1.35722881033713,3.86331420920251
3.25275012073162,-1.12433588260368,-6.71052386454067,2.44857620795052,-3.08423401429049
-2.52460561335131,4.17720176991677,4.60166763164994,5.37436515188206,0.355607300650814
-1.01991121906215,4.56018202403566,-2.87673064356765,1.0344869040141,-7.02520990230165
7.7532174884064,-2.65854993613885,3.49563519808031,2.00742446861426,0.664979473891087
-4.53294539623279,-3.08386476479852,-4.6713524219867,2.40890670091286,-3.32403192358018
3.249341031256,4.59486997761728,3.74522991891678,-2.08990452078633,-3.84274934892251
-3.36025575988277,1.85462118999744,-1.28723479519835,5.39892530136125,5.92348327626298
13.2397606679893,2.76123972828558,-6.23810022156048,-7.24445528664725,7.43501898894432
-1.99380276996173,0.699848950962125,1.39530712497315,0.088295570023995,7.9954853880772
-0.318423883957706,5.08364698479862,-2.93286417359194,-3.58388221825677,4.44298040119633
6.20165610585347,-1.72380144479395,5.16124009854828,3.45135084664389,3.37474688661632
-0.0160152953825276,2.00944120499376,0.100287204443897,-6.38843954113671,3.38533041225927
5.64014283646979,-1.96857346359928,-1.17527977433099,-6.04260290253502,-0.942151756938109
0.396009199899974,3.89686354133707,-0.80767546104356,4.28986505579865,5.88241644605911
-1.21145183586212,5.4418919035659,5.78261204279045,1.11357933437279,2.60527803614806
3.79853798510103,-2.64094707761427,-2.23574722867584,7.0871021592994,0.00948317118700556
-3.43756841508058,0.986920423241603,5.5793112993835,4.47296169402177,-0.0661908404917516
-6.9812313890239,-0.0256339009289961,-1.72693866797301,-0.207802589823593,-3.25714602964126
3.61208972613721,-6.20551585933379,-2.36103028558755,2.38776404036039,-3.63377740187665
-5.42805671419399,5.51271054873544,-1.28820235218455,-0.711143067484271,-3.16763371526781
0.701077028612046,5.19423327107208,-0.0423667433995308,6.53231438286384,-0.00651694685175025
11.5278850473233,10.4397982532897,-1.24190509122841,-3.72999096643284,-0.300194158901161
4.57661360507214,-1.04174574032057,-2.98748899219783,6.72086085781087,0.160233625929411
9.96321665204352,1.74292312119993,2.0491084260488,-3.00808088629171,-4.900751712543
-1.24828176050522,-0.118718418625912,6.30899773110317,-4.63492847063116,1.7801044565141
