-0.173799268367723,5.66420850465988,-0.791875204936668,2.08932380345476,-4.28870133316065,-3.67716910667991
2.4009799687344,-2.44602664256468,-1.27717615151059,7.10214721523371,4.61182541688741,0.281742453309696
-3.57909854038912,-8.62148334839604,0.85997065811085,0.647305776336972,-2.52466843079548,0.926367482772538
-5.27926198854957,-1.7805658107164,-4.00267623372918,-2.90677706159214,4.66097743167663,1.3604090986187
1.99336118152034,2.00939060220356,-2.7468342387429,-1.00417290793231,-7.05490588287779,-0.228869105454428
-2.4745073248624,-4.79254826568581,3.433909483045,-5.40240745594965,-0.873838251418946,3.13615932506627
-4.43845629327487,-3.07127394686432,-2.8402872920174,-2.78560413115257,5.28680381530617,-2.54031327314192
-1.44355369059415,3.65694053101163,1.16741967109089,-2.75949841705146,1.00468616152241,7.41473830179847
5.15362228321489,-2.86039938058447,-5.78237623007922,-1.99538748994128,1.42379047789638,3.19848970512831
0.670806958909347,1.33552516045546,7.0901205631582,2.05375646232858,-2.87444324285106,-3.66953708731019
2.07555557068901,-3.88347015446853,3.74716016611721,6.77313742308089,-0.655096213995972,1.77609209988755
2.57041644076771,-3.51317239028554,-3.62135446229465,-3.08652137692044,-3.38158813861346,5.66926888737708
2.36489056920261,-1.70066254840575,-2.8111441223483,4.41230830029201,5.50648627111693,3.65691284148388
-0.378234097042027,2.44151615126078,-4.32375505799376,0.84166722048063,-1.6579897674611,-6.44304940931193
5.98065428244044,-2.38383330174686,-3.17371365899744,4.42204687882252,-1.05992625343538,-3.67448144281608
1.73534236530944,-6.24806916670277,-3.25378310766652,-2.1131048596132,2.50501734215256,3.70272560544845
4.12490914431414,1.59633392313949,-4.45933815546991,-2.82369369097257,0.926673172729529,4.67002576131461
2.34729222311919,-2.63548039504471,4.49092951180536,-1.44871105207161,-0.542329053961485,6.83671756976733
-5.08374028183124,0.424202994402793,-5.16831861249982,-0.188479142614527,-2.62489450241913,-1.67294298115519
9.73798678526923,7.41770239528647,8.18757588410471,0.790301515994505,-7.01355273677477,1.08550700396174
-2.16854913464763,6.26566046218173,-2.59887837199295,0.396431313765056,3.00792910827702,-0.967552485318133
1.19319873034121,5.50337711998772,-1.36393183825739,-3.08787774731023,2.52594843326084,3.54115063984328
-0.425894267006449,-4.2740563911189,-6.27153278288899,2.06576086430541,-4.96393692814523,1.04344360265281
0.98280023320983,0.593867309980123,-2.91921951989139,0.145650886320884,8.65647260307813,0.455968852063366
6.75487056964726,-1.93365560136555,-0.141422449942,-1.93442640779879,0.407439966853143,-6.90427663881918
-3.88348073315263,1.19825686341888,5.42838652643687,2.07566231010076,-1.37903299167626,4.0972048293521
-2.06755704295935,4.30018466478044,4.9354961083932,3.65044931280873,2.83766666396778,3.31652985365726
-6.67041199394046,-2.41126653855306,-1.17255618994944,1.78647726130106,-1.27936450272456,2.93862201188516
-4.1823799501042,-0.738466753143408,3.94500633969489,4.72873999071296,-3.80472982388285,3.72224386411941
0.162389035436605,0.883433939258522,7.70044679689429,-4.67341749008067,-0.209459761672855,1.46172103482435
-3.98628144560863,-2.21990589633363,6.62260335846443,2.07266788260615,1.70593469003975,0.597773886117059
0.688045907462128,-5.99634837366045,-2.46899409024621,3.09534046244909,-5.43872277770196,2.86402454649498
3.89747105295909,-0.941713895986044,-1.73241434861937,-5.42968754853399,-2.56189244640871,5.76520272694758
-1.20939964991487,7.33838464383219,-0.817499916220854,1.17872491934785,-4.66531701802666,0.649888235642026
-5.10988573435723,-0.318944773733494,0.0565320875480145,5.0298515708131,4.5551897098361,-1.42698488647391
4.33947999201904,-4.01974934606667,-1.05474664156618,-1.50943679864459,-6.79853383621276,3.19252377236578
1.63938294800655,-2.70138516446184,-2.69241714639871,-6.51817272494913,3.87025756913959,3.50775586620492
-1.09914558831406,-2.80549412125787,-1.99816689691723,-0.138031254326999,7.65429854360826,0.0474494486492526
3.00342652140687,-3.76942802318387,2.0958334858456,-1.04439742591667,4.56717428602822,6.15283039593308
-4.71243884522594,5.5807773648457,-0.778344695736397,-2.03395681157527,-0.439795011528565,3.91175217697713
3.46931579016323,-1.52098595356169,6.41209139847091,-2.38977588941534,-3.01969100888493,-2.59142476281261
2.77127968281654,-7.74596376633361,1.06660387874576,2.80961626897318,-0.392628889095693,1.27893212208299
3.35164247220533,3.23342901840229,-3.67364483668281,-1.61921248526744,-3.26325451583221,-4.31136831767425
2.68535913533728,3.75265827297399,1.37595530249312,1.19361287855427,6.07135804113534,-2.68027347097045
5.99336103295912,-1.79391295668325,2.75343877474177,-5.32986602560823,-0.569997793092178,2.05840532017136
2.01217055785893,4.10009243765257,-0.689001460151865,4.70086101084161,-0.813820641399958,-5.44010555681945
-1.60330738429006,-6.48139713090907,-1.48494926442947,-2.10739441171753,-3.44724783583559,4.39649661057238
-1.26676850681132,-0.513231573322095,1.01058782108473,0.615753057008506,-4.47370176200853,6.28985853090139
-3.69855290848519,-2.14378864486601,-5.80020573409507,-0.929704170055558,-1.84660176417319,4.20917518626927
3.04251505441884,-6.85002056660194,-3.53579620898994,-2.48851417323357,2.3478985751912,-1.42641467408059
-1.97066658275693,3.61495485873762,-1.82134945076071,3.25555983686777,6.80726967718622,1.58568008382594
-5.34821075269293,-1.18939941384553,1.69849447875191,0.898895920487409,-6.59204986896851,-1.77430046729837
-1.42197179465127,-0.948045181601706,-5.3860688824633,-5.94863484325019,2.33234447159866,2.07294240424332
1.5310056275628,-2.77421979248783,-1.68789863694549,8.10106786979443,-1.31160381035615,0.363735298056336
-1.11150329653447,-7.58592188266013,-0.208070860877584,5.04880057954872,-2.03495760475229,-1.98168217085599
-1.74969361753587,2.68338642420324,-0.607049325854241,-1.98163400329985,5.49381057493245,4.09364081603605
-0.11549724262586,-1.53626380051454,-3.86179468793306,5.37842215091735,1.0495406491351,6.42806529504149
-0.307894521141253,-1.20241419538354,5.31894634747674,3.94283252969118,-1.49957737846192,-3.70413911060108
3.66584512476875,0.761143138433171,4.92211280158307,-0.993858249526837,1.72895221708265,6.51674686371502
2.80106511816561,-5.31171590047898,-1.33085137682613,-1.78010789861621,5.08768508419624,-2.83710161174451
-4.28418336337089,5.87147644199716,-3.09745986287348,-0.665862404889521,1.17305987849016,-3.5802143331583
2.70623167628115,-5.22483815760001,4.04701359932529,5.48693670315698,-1.00688053168306,-2.49038951576907
-4.42279419878725,0.303982888428015,-4.87034055459599,-3.90114797151396,0.145561466717014,-2.87846900518428
0.684980981389901,0.759468537103664,3.48007978101872,-0.559115221096226,-8.05204876557598,0.718105398289646
0.639048294097659,0.679254042004517,-6.72139336426385,-3.34629100557458,2.49283698899714,-2.1154555153843
-3.51888172278827,-5.93943416624482,1.24027290708823,1.86004634134666,2.03774473191886,4.18909941052384
5.51700595301914,-4.43789836342422,-2.14489699019214,-3.03154409178343,0.344228111995695,-2.48920161543162
4.60181670126777,4.50450721544501,-0.693074846593211,-1.3436176398653,-4.11960092484694,-0.511037674192758
-2.13794129086494,-1.72743871500097,0.0997475917674232,-1.51488362532959,2.81088668673697,-6.97298304149833
-0.282066973188524,-5.55386875833393,0.274898479837728,-1.30349008142061,-3.94289526443572,-5.37547080229809
0.0108246334549864,0.118324368475845,-4.17666853216363,-0.162848800971616,-6.68907169178484,2.51164698014561
1.52670666907045,-3.32851850176693,-5.68251394855257,-5.60876382188903,-0.532302071452043,-1.2548304910079
-2.24926696014148,-0.92868703244243,-6.93041924095636,0.0804493086911057,2.27143058281372,2.5642152608387
-4.55943529728742,6.0997491851581,1.6406026870471,-1.12485834164504,-3.0968587148007,0.00914073755257328
-3.71889422882149,-0.552040007666697,-3.03850569317655,2.48510318253751,3.57807192153792,5.26996133784812
5.68201010745103,-0.41795293179993,3.25703569979456,-3.09476844584811,4.712644710214,0.0749662751341029
1.07732991449283,0.554485141167031,-6.14386700293296,1.93843337461168,-0.271850624591389,5.1995639877893
7.60432346811951,-3.21825843843788,-0.366979073088192,2.36697170186404,3.51517939975323,-2.87259455490155
3.44734736672212,-2.71606403562647,5.19044176974489,0.150104493661683,5.33923301295039,-2.611731908432
3.70318856081898,-0.697503040520077,-4.29340032083241,-5.40962376614289,4.41004974699502,1.90962959655541
2.93162283665944,0.678023607382804,-0.606003906545968,3.36175059430136,6.27762687954432,-0.474460149692732
4.35223022917504,1.75373504293112,-3.47328893240881,1.96185962030376,5.72253366058383,1.47250989249018
-6.7136396994811,-1.07471953814562,-4.19744991197448,-0.0204115943615509,-1.12535826338956,0.802542382584467
-0.0476226315122956,-0.160722741143069,-0.0344362346769925,-4.59535152969516,-5.4511070271742,-4.60266985814624
-2.10282950862371,3.20288599696318,-3.66655544659701,1.24612743460302,-5.53618258642669,1.50513274842352
-1.11025040864287,0.635922877478631,-5.43965303099863,-1.44062843739863,6.1013079805958,2.12394662054896
-3.31070002744104,-2.11856209987739,0.568475520171292,-2.60491431059322,6.57135469455739,-2.09935317313778
-5.91889535146782,-0.550752722382352,-1.58103315309862,-2.7954977271691,-2.9377450018454,3.46444173857954
-4.22370055047067,-3.27406866249702,2.0395162501227,-4.29689988573129,-4.74139638570914,-0.571390306582414
0.471745762151875,-4.43425652978112,6.36421534176917,-1.10370811413226,3.82266754642383,3.03653138627615
-1.32072403560674,-1.62771979471969,-1.86375771158153,-0.30814362659928,-5.05067152014084,6.70431647217491
-5.31292413489274,2.83652441159982,-1.6765868714979,-3.99740923623703,3.23541716765664,2.77653580760472
-3.48227400557705,3.48226384947535,1.63137717354143,-4.03041906020652,-4.98193145143508,1.99289917107883
0.196739778645464,-0.448272760443471,1.58456747574331,5.50732263688956,2.75855758758002,-5.2388991612002
1.41587569426178,6.16693150286816,-1.77669406347248,1.38598979954854,0.612065956973399,-4.82021585467301
2.3800497178943,-0.31109449599707,6.81999749945428,-4.55929258924073,0.181829013681008,-4.39150070413052
1.3923080753899,-4.28418550746801,-3.19663028429315,-4.11243073140182,-0.566961780013286,-5.03320899362676
1.55633766941586,3.68382284063161,3.53726811453741,6.99404300980101,0.200584072845209,-1.00014146261238
-3.73590135952748,3.10656313120444,4.96994399788076,-3.85068892648303,-0.30852737171067,1.67050723750561
-3.41820336759195,2.91125469037409,-4.66069684831283,2.86830127228336,-1.62508209537151,4.63365023745322
-3.22266287541176,-1.66297231124085,-6.49972096459458,-0.24595867196542,2.94453024968447,-2.34929924521301
3.57422123601093,-4.78841523965478,2.60081220795576,2.88649058095359,-4.31467999318871,2.11042295597562
0.975965988875262,3.87373334967669,-3.06502442996961,-0.658080952024851,0.310761177553887,-6.94143201859234
2.39726203747836,-0.710730729789789,-2.80383325151916,7.40031640622608,-0.40318991073874,4.05512716048055
-1.86037419227891,-5.65739595073799,-5.83878248295355,-0.194388936464921,-1.44515459790275,-1.13330097636126
14.7479064557751,-0.629990950512017,5.64733903026806,11.2757821117543,4.44372255688532,-0.464723404083459
5.7062930931045,1.69053996723817,0.898905012216862,3.81283223843074,-1.72876429420145,-3.58562591351569
3.74902986931455,-2.36577080714598,-1.32151544310775,2.33935420735949,-2.02501750247357,-7.09692260814081
-5.00456435252065,-1.06865526581661,1.60668650234894,-5.5972303509972,-3.91149376718182,-2.77154643681891
-0.0102022404082698,4.78177510291793,-2.52206530534575,-1.98961356765888,4.38984153750157,-4.6743190189655
-3.143012806437,-0.544936005101494,-0.56029329963786,-6.32066475948695,-0.480574615103013,4.25279910084582
-3.95230076847173,-1.78393839218606,-2.97415083342742,5.5022269386773,4.37760180215082,1.86382411986418
-3.32580984697039,-3.85604193578101,-0.686519984809928,3.34878939925489,-6.04948500764806,-0.789787533636564
4.37541603158753,0.668382363981153,-1.86433705539276,-6.10715883592025,4.50014332379636,-1.33699592053017
1.84474085845423,-5.29940816556633,0.222175102736611,1.79245318033864,4.09793382196809,-6.76128014423211
2.49228427791743,-3.33904500272763,2.2873641045297,5.81675921977073,4.59330681758993,3.78705188610528
4.51186708272892,-6.22438519275508,-3.57959326610414,-2.09125509321624,6.16633942349745,0.711236037527223
1.51803151358947,-2.70434302855634,-8.77023312797759,0.139365822659286,0.0389164255150137,2.42250087596648
3.37478098010945,-1.77692491762396,-5.65188548903263,3.2203638960872,3.3242985775619,3.81645544974632
3.49052666756484,-2.68647456711544,-2.66726239601714,-1.75569836855933,-1.74427525727081,-7.12409381144266
4.49211158553118,6.02752153637466,-1.45826955237758,-0.335900843524943,2.46371786049849,4.4629170485028
-0.834448931883517,-3.91684904153419,-1.90351580913431,7.3578557089168,2.02521314093661,-1.49723209657362
3.35988916824756,0.379974630726761,-5.87633608304509,-5.14314649824006,2.63417819528475,-3.73539754459729
-2.06965725758006,3.16553168187892,0.885665703451021,-6.54033896802045,-3.0561553784006,-0.250627344219758
-2.49009507332883,-1.86271103305413,-1.33224541962169,-1.60028335286399,5.81894016604011,-5.65797847886229
-1.64032928060932,3.09925850408261,4.14824552654078,-1.53119771115169,-2.83038506730221,5.27234898413452
-5.89795403481139,0.975117208491808,2.18879298768849,-3.79762193366153,0.327154506474282,-3.92990099509061
-0.395190054472667,4.2894180977986,-0.7296517159936,0.80410975504348,-6.47696504380812,4.06677254857178
15.0964898083758,1.41079272635527,-2.19842035917316,-1.76012979521443,-4.68928039277421,0.268111444542842
5.68873297978558,5.15741696890071,-0.660478876870376,2.51469277905542,4.26915670990883,-0.943355867978248
7.63764377092672,-2.00787684016011,2.80422135811054,7.70383911945805,-5.65732614497502,-3.84028950772058
-2.97937715517361,0.0275969324698438,2.9133454752015,5.40316595462835,5.26009104821805,3.01346124517117
-2.59357865797314,1.04780541323865,-2.27569248322186,4.0001924120437,-2.84497492641067,-5.91527521394243
-1.29815437384961,-2.981839294613,1.51221638559993,1.48970882512525,5.99865752985543,-3.72531131458474
-4.57698921674096,4.82613829017398,-1.80570419731944,2.81480085625598,-1.40829402601883,-2.2194140406023
-3.32742515601718,-0.507239065672308,1.48804945588203,5.47554617794732,5.41004028237967,-3.43809615149088
-6.88740899901235,-2.1759072448535,-0.786700171612454,1.33350748106548,-0.363367520134606,-4.12216430541009
0.313596490210661,0.661230803082714,0.644949140290301,2.84805008581743,7.04549246619679,3.95160785049181
5.82261105231382,-4.99410720343846,-2.62199600287684,4.28754371129306,-0.0586971452257032,3.8818230525629
-0.869526023763541,-6.29330956964811,-2.26122742263793,-3.49980101440632,1.28847833587746,-4.90638521266017
1.97678791772955,-3.39176675771428,-0.651432874161417,8.05327942317962,2.34720102816156,2.3800009452297
3.01809558770653,-0.362569777767541,6.75089247802691,-3.62428154066006,-3.30395404653219,0.0381163023253876
3.72392870300425,-2.35075268876937,5.08815931177879,-1.32770650963138,-5.26464242996657,3.79349869901519
6.20005186345583,2.27952784293722,5.82186057673484,-1.06107133851143,1.23620425541239,0.0611485377123707
-0.432073061094079,-2.1457854183903,6.05507865363261,-5.5773468266589,-3.54125375001597,0.231761825220105
3.86830647139352,-4.17503334318593,-5.76802039501663,1.98447536515612,7.10241716729035,-2.37485184902332
1.6091950760911,1.16850102043042,3.82197657235105,-0.743422240495689,-5.29920846678512,-4.86172297003343
-0.815031674640677,-4.2710193114473,2.65823222688501,-6.33663094780357,3.82963514782996,-2.35419689897682
-4.31402135565694,1.30542344772912,-1.89600290845166,4.21120431453634,1.70176225970571,5.00241906912286
1.06863065019183,-6.75592099206249,-1.19118689519749,-4.85746154184116,0.369994884367646,-1.30287387642191
-2.04010985709424,3.41321897677944,5.91262260550225,4.01063221896373,0.904104977536392,-2.56550118483196
-1.47935668946601,0.862002542091315,-0.974494301780571,6.53054859540792,-4.28876033368986,-1.91225541851849
-2.15568063391212,-2.22734775695454,7.8737102110388,-3.32116581400243,1.13706096325482,0.198374985205032
-2.49553676650113,7.84731919979602,0.91578601008223,3.26120163859956,-0.149632837479057,0.100332672174193
-2.65360703189432,-1.32732609153251,-2.33687220756708,4.06895346701622,-6.27703869716615,2.08162650901266
-0.538354532205154,-2.76010513788816,2.28180233279736,-7.3266179066285,-3.79701391185589,2.33461631795362
0.0169756646674746,-4.41470846972614,5.50517293763985,-2.80185126734677,5.36566842263892,-1.47543407797157
-0.222677007825657,6.36179775550778,3.63484873043936,0.0580100806211692,0.103895543997435,3.19179254077666
-0.275616917724918,2.21091211847847,2.81558065283303,-3.61575675060439,-2.66994086133482,-5.88747962620533
0.577834274292519,-0.67974381388638,1.64702103627765,7.41253585969485,-4.72841108499861,1.93623392358441
-1.10773428279156,-4.4120130017518,3.7142786339772,5.23824761084977,2.31165887645117,3.81413221902059
0.462372082495905,-4.36907195391052,-3.1531971919427,0.703118312101558,-2.65419507936559,-6.53935975153957
-1.65713678132928,6.68177031702422,-0.362157560804456,5.52357001595636,0.523931332628364,1.98463530854761
-4.09673269465424,0.392193234838953,-0.0873892192973555,0.514978839920384,6.82076085295121,-3.04406809080841
-3.40537856959246,2.08774241161863,0.616893311258593,0.0596342207995093,1.85474841232017,-7.53729647401395
4.2524430693873,-0.840336616963518,-4.35540010944106,6.52128661596724,0.9004096850002,1.76220176849896
6.54264606679052,-0.412469429362762,-3.11184735620041,-2.4939290183259,-2.10113246647596,-3.45014601499611
3.48542691489118,-5.44860280837839,1.72047830554022,4.0306446638134,3.13109284579293,-2.92925066306697
-3.05985565446412,0.850907803633609,-6.60840125463539,0.475628445105507,-3.23906236408928,2.28885251001967
6.39377705925342,-1.7736838416463,-1.23759837566331,3.12026511722244,-3.25922149152156,2.63586877132565
-2.59045254682368,-6.19888664452158,-2.73647837423164,1.52960419032773,-3.53043938820276,-3.79967162834341
5.13049626295917,4.29289000372576,0.41616814822496,2.97149746093426,1.46593395469612,4.40627192505723
4.86172792697549,-3.01343524980011,2.54109999423596,2.43617416083602,-4.44318339922021,-2.92899317374054
1.79139541474337,1.83407184980614,-1.4560109705832,4.19133777244546,-6.35610520306869,0.755576497125997
1.2496152655504,-5.47356299116716,2.04434539581279,-2.72703225777036,6.42605905726006,1.93196491801333
-2.85549204782148,4.35188484271585,3.57373924080217,4.54943640177218,-3.85494842048809,-2.59916989933508
2.0192952423145,-5.08505643603798,5.76608295031356,-5.04051194182185,-1.34151786147781,2.02886722993722
-5.05827258265192,0.976125882898833,-3.52590030758618,-4.38627030794075,-2.981338425421,-0.758268560289623
-7.13031598876739,-2.93810445328339,0.769052484395175,1.53148367604294,2.11092696719169,1.60534160894712
-3.01985198110628,-1.11598826651839,2.9021965096213,4.30295114890546,-2.75674514364788,-5.31139931612137
-2.45120158873855,3.24018277809739,0.332597345174234,6.97573659568066,-2.43195127834935,-2.95991787956369
5.21311676259498,-3.25968809168893,-0.968109719401472,2.93853058986184,5.42257021793013,-5.93014218989603
7.51526673747862,-2.79058226484889,-0.862307083326821,3.31361248361229,2.80861773385438,0.992582562744406
-4.47594326082208,-2.91959491003887,0.326737511613148,-3.06044433752695,-0.325903826057057,-6.03045200933425
-0.782227897677998,-3.6407164646025,-0.173244072136112,8.31871763928791,-0.366430544802929,2.89253131823327
-1.69922168251241,-1.67845120531603,5.37387485105471,-6.7817456707503,2.1625131768059,-1.48795692853876
0.351251553882641,-6.76898578706375,-0.832291764709458,4.52776498834663,3.08437469255014,-2.84013874219697
-0.118102851024068,-4.14929109136693,-6.20470082660923,-1.88056700406188,-1.4263188205407,-4.26650961659554
3.61711529037593,-1.77596697002596,-0.418345044100681,-3.2710085684827,4.4556718734111,6.07327629456184
-2.47383632015799,-0.74543259464291,-3.70355735709126,2.28021045176336,7.31659878022453,0.0466656055162222
-0.113084132486526,1.25667651341286,-3.02455329249423,1.18630353739297,4.51533890725595,-5.76166429497228
5.38630346371525,-1.71808688701988,-0.851716466190063,0.675760201356501,-5.28262750502293,-4.54860708343116
7.73431478695109,0.225637416021378,-1.00185512078189,-4.66510129300427,2.61318638274967,-1.27592337364861
-0.849926060107598,0.710531013126697,-4.64791076910534,-4.17649711058503,1.59261066311368,4.88805672371479
4.72285060798765,-3.12838740451237,6.20731481610341,0.907782361946355,1.73240240636163,-0.234312432392428
1.18388526083335,-0.0302752735974716,1.50788776432496,-1.24159745155789,-0.670924709560021,-7.91978671511332
-2.28646079969135,-6.88739042200332,-1.63591676533068,-2.03149142030564,-1.16878200659904,-3.16086841923016
-2.66515390911532,-1.81275095497366,0.575093958110854,5.46528990609393,-1.0675465913522,-5.30212375043501
5.10144738075514,-5.99915491465366,1.14733220108656,-0.0254039838021637,-2.8887762277149,0.978194286995686
-4.02166769589527,-1.81199805790453,0.118400145737613,-6.36848292484705,-2.09709441607858,-0.257048187539596
0.234813820307538,3.26993912906224,3.66602928760897,0.268478272838879,-2.90988010818219,-5.89705940115425
-4.74913675727582,-4.17663542339767,0.096938220787074,-0.20494204945013,-5.3964256090729,2.28028972984429
-2.19366275579072,-6.28526557546332,3.49711292698261,-2.36233417303595,-1.34625509385792,-4.41936527303482
6.17910791250771,1.17159178133905,5.04167089743521,1.42642916116673,2.84362231509948,2.3711816559028
3.40135638683267,5.78780698372025,0.152113648874106,4.94501890814488,-1.29623288020849,-0.463372733916944
-1.45633245249857,-1.84790818480892,-4.24189888583132,-3.44779280744238,6.42759321137136,1.29943000121497
-2.72373653046345,6.75335186209576,-1.85236958858245,0.922723076587356,-0.225640947139617,4.09141261898128
3.79395300785811,-4.79474861382037,-2.27630261298271,4.79937972100483,-4.93506309331664,-0.9995918272562
1.42456350302623,2.80930582197068,-2.82850675364647,6.39665415055568,1.28002684868764,-0.0408492234283901
-1.95503176425694,1.38695632164353,5.55197188639926,-0.843749791445207,5.00815793558158,-1.44920035412468
-1.20603549043456,0.208182080577312,5.13890896522011,5.12894827753337,0.96966139983881,5.11258141331015
3.44470556402261,3.72521687596265,-3.04081275100897,-4.25995488037524,1.02443699975244,-4.31371582963249
-5.78681856215495,4.1011733858263,-1.36276323348638,-0.278047817429644,-1.79053558807115,2.88300018183635
1.94957900585119,2.11878078811559,-6.01974957496808,-3.31994148816167,-2.3743201850077,3.42083507569568
-3.35527062035959,1.07238082407767,6.46826049190526,-2.00719872695113,-3.32751147269993,1.21055902883281
-0.503017634561234,1.33408018379548,3.40077166750579,2.96329875269797,1.66365795949165,6.11935389597024
-5.03152874373313,3.5154902044067,0.230673748508349,-3.85361998337169,-2.34888250027632,0.613732511200105
4.03233413344657,4.03200912479834,2.08651668259651,0.710495126279588,-2.59844073118462,4.90334036841788
-2.70107128607312,-8.17437793294689,-1.71978121559906,1.15017508602095,-0.25628621808349,-0.347112572281424
3.45717956823989,-1.81054223667822,6.4112143442997,1.0477759036506,2.6996350712941,4.18866930212314
3.56268866387832,2.82450623336338,1.15023783722099,-0.33495745631192,-5.97262731251235,-2.99490119248821
-2.44879015359077,-8.26524932803775,-0.918378826755638,-3.9863561875988,-0.698261067689348,0.790745147109149
2.13944709011805,4.70259716562934,-0.0688554431128873,2.44337401688532,5.90033871149959,2.54480731554065
-2.17540249345048,-0.368808450211103,4.6485182036527,3.85275783790807,3.44143910922876,-4.78165275675763
-5.56009276454922,-1.82522712001715,1.07074720949343,3.10067690880245,-2.20689513195861,5.63416803951662
-6.34018116168434,3.93076185069264,2.65706329588473,-2.65809881241795,2.25388161569746,-0.441976997538803
1.39617558373797,-0.480836194064231,0.34054123410145,2.46991671720855,-5.56683869362221,5.60796058950353
2.11201599183004,-1.09689241084822,1.9922087617533,-5.1614030711612,6.28821143126341,0.0413522814861052
-1.13294857658137,0.598762954032561,7.77304506768138,1.98986619204716,-2.87817550969561,0.258824601032803
-1.21027257980329,3.17779483697883,1.0199427234673,0.805716488230751,-7.90670850235178,-2.12362429800995
1.29322451785572,-4.33967719812721,6.11953294325349,-0.339283664037043,-2.31038470707668,5.63224407980046
0.0883048025020345,-0.126172886531489,1.70905161463471,4.41013962320337,-7.60473380361327,1.05771658269451
-0.95775283109528,2.15424228659537,3.80233152281546,6.2994863549242,1.06026021241793,-3.81762031029433
-0.129407915057793,1.37488374985465,-3.60735870753637,-5.5942558612431,-3.02381266022338,3.99309918870416
-1.26101228621267,5.327923292685,-5.78791389917114,1.09181571235642,0.130344912745053,-1.25660823600621
-1.25340246888306,-7.659768726267,-2.20681111164794,-3.26986768100534,2.42489121751166,-0.138871240323025
2.60280161350871,0.447887022286322,3.04544259653712,-7.15353627755715,3.23871878858927,-3.02146288247927
0.886541205410242,4.56423076998815,-3.14790243637937,-3.13629844750406,5.24562589147765,3.00804614530609
-1.88373096399132,-1.22313092758106,-0.126372020991861,-2.11020650824836,-1.28180239362787,8.20527762420675
0.554604524997816,5.10510075163958,-5.23998298959213,1.46036029997325,0.17722107586478,3.08118987606085
-2.24080694098442,0.0359205031800409,-3.09571238143314,-5.90094943275612,-3.75461743244353,-1.44636171011881
-7.83271647950692,-1.58248596450267,-0.245662367798026,4.4216729807619,0.313387329659207,-0.984809399350105
2.96104796675995,-1.90236915819671,4.83220252285743,-4.54051862503326,-5.89573521296599,0.547435314798373
-0.224330881616623,-1.81841277589057,-5.99837056220089,7.13990165395795,1.95934134207605,2.17341650760056
2.69874057053297,3.60031955231892,-1.08913968843676,5.05672225373724,-1.82481321589148,5.18851779252156
-3.95294998417651,-1.6633563194705,-4.40045379851934,3.13450696271671,0.941019097920363,-4.97290315679535
5.99310549220324,-1.06610419039658,-3.65128584999385,0.626524952680472,-5.66975474279099,-0.396087793244859
-4.85246478126607,-4.67465534761881,-2.95523572791476,-2.72773537289906,-0.314646962986374,3.01563369365244
-0.920892749885463,4.6875837847119,-2.51283209416522,0.819615093969455,-2.8962026980512,5.17886238415958
-3.67425818054772,-0.607698044121709,2.64983380376457,-2.48724801729485,-4.33310331207505,4.32980955908574
-0.516991246976687,-0.3594729419003,5.98664757803345,5.42553213593761,-1.55189747907942,1.88786311442757
0.045338059219387,3.47307038021506,6.20445959420817,0.539670405552946,-2.68313996740999,1.75594757857885
0.7398116145699,-0.244979049599756,4.90070274064376,-4.33141060360265,1.99119294397853,5.18292158422677
2.04176214025767,3.37164824863566,0.551510138690461,2.19579284852447,-3.61213742010484,-5.65275176817251
-6.87244387809954,1.15178327078277,-0.153618600585096,1.04345729489151,-2.75099024492147,2.58904282187324
3.12813420036751,-0.455124351093947,3.9039648095137,-2.47934491355374,-2.35926093659727,6.49744925184034
2.59474053141145,-6.80275877956001,-1.49933923902842,2.17035696475638,4.09088953212929,2.30855646628142
0.614862541023456,0.169271835739699,2.11570342704984,-2.06070760115855,-7.02622201377237,-2.76097434716944
-0.794880185564403,1.83431930847553,2.49881668813519,-4.51405664831572,-5.60455349611961,1.6105334991681
4.26472832259567,-2.32491311570399,3.88698057232334,-3.76525214027495,1.93256612871009,-4.16804282762113
-6.73145902526252,3.89672772330551,-1.9703544450408,-3.09068103912232,-0.677369999481474,-2.83760651949815
6.82667216876881,0.136970020631522,4.47377319527648,-0.875146909982831,-1.451606133891,3.50176487852338
1.17814873794662,2.22971748791184,0.132365773503983,1.47273476562393,2.96533889906567,-6.83252847737108
-3.07194237268402,5.70886299365705,5.3020240936412,0.579082024699592,1.85005244948716,0.383399596532783
3.74528544867394,3.12496520943641,3.63922001767062,-4.01060181768461,5.27058769545003,-2.34228194916466
-0.656448461601763,3.90881580839496,-5.46340024788862,-0.524236705284725,0.776529665767917,5.376321449283
-6.29500397621654,-2.68605172427054,-2.67471114166852,1.12690747377576,3.86532072071982,2.59311894647252
-5.92856563379885,-1.49740363749309,2.3398871017804,2.44719537653863,-0.136385960521772,-4.03894932130124
1.90765588994895,-1.58570311055,2.95450008821986,-7.52416771238002,-1.67545337687774,-1.35005862703748
0.616060629152167,-2.07725074435348,-5.62161722836321,-0.603940114279192,1.90250872953028,6.36488075796648
-4.02374770513243,-0.694934425367008,-1.13253736568698,-1.83140416816064,5.43313786734261,3.58025497249566
2.56671592282885,-3.68323599937962,-0.180441783192354,0.892643535201728,-7.70481418284821,0.416777620287745
-4.19179219320028,-2.84066827367266,0.12497626855305,-2.54398535322381,5.81003214020903,1.59164324263335
1.89927990053403,5.00297937697938,-4.28094492553686,2.079511700644,-2.54073429132051,4.16229481286988
-0.815471688166726,0.51989836370084,-8.18207351405805,-1.4205041881117,1.00067893264865,-2.15392870612118
-3.02155169326966,0.158974009505138,-2.59875127242689,-5.53593439870471,3.62864571321856,3.1113711752079
-1.90409478817681,1.16548521170294,-2.69125576443344,-6.12146170439656,4.02734013817395,-1.87714067674206
6.03996384185473,-2.10222071663692,-3.87622385269164,-1.54634771463829,3.79024727477296,-1.90257741466578
2.21771074870299,3.87256946101524,3.97679903179974,-2.62081918775476,-5.12889899292875,2.24168409111902
-0.731091558569171,3.91412710522101,7.00658272709999,0.751370751669737,1.77423247965226,0.11488503046994
-3.84142027910875,1.45522041105372,3.89004094569572,-0.137611162818417,5.3215878389411,-3.53675307680299
0.829906241829427,3.76900866363104,0.36524624545365,-2.46456976993805,1.41648000209357,-6.54588955774141
-4.11897057023541,-2.00967120098572,3.540256221661,-3.59780057097061,1.87879279752318,-4.91878549072609
1.48553708206374,3.17101068122557,-1.53908390374015,6.40717797995095,4.56438047847049,2.05088768157001
0.0132266832193447,1.83722531579158,3.00815523311034,0.325357074728373,-6.40166269332538,4.70058814669036
5.13165234522831,3.64780477215847,-3.05402923882653,4.69227950175443,2.94112910959095,-0.765013565787627
-0.383521007977218,2.0739682224669,-3.51175741370036,-7.50237323682654,-0.383820479487291,0.0766622326030783
-3.98551865896638,-3.34167841509482,1.7194946612102,3.9231851087165,-4.52027552170124,2.05826491545961
-0.232588968213554,-7.85462338983379,1.93634276912156,0.155438677169636,0.58198079120243,-3.54260261522158
2.10995120033531,5.24005190977434,-2.74946304359093,2.47997168961786,-4.95621157036845,2.20074625028545
-4.49355546880641,-3.05063297325122,-5.31109000040008,1.94440904485919,3.49881454004364,0.326629378321187
-6.87675360383434,-0.242613605382272,-1.18294999194969,3.08815822474797,2.64786084900035,0.187854576819978
0.497816486214525,0.344557256804847,1.60033503955312,0.863491168973153,6.72755184896389,-4.08267585465184
2.56765620832921,0.696637071161484,-3.55463592390119,-5.62030625606937,-3.30755307598506,-2.5027717695169
6.4706343660046,-3.08686588107681,-1.93752152909092,6.84392941920906,4.15075919863628,-3.42944309084723
-6.00962584334568,-4.75376337622098,2.06152077070586,-1.90948774785147,-2.52047042994007,-1.11400256953126
-1.19712538679305,-0.673583218548115,-5.37720861555785,6.27960181600509,-0.00588933437320757,-2.74019537731299
-3.73089666348121,-0.39620010226675,-4.15875862839169,3.54504282314765,-5.84591467449994,-0.949525266722456
1.97822122322292,5.51242220827784,-1.19383431608397,-2.66775325048968,-3.96294399375484,-2.44429844137497
0.981575116402464,3.4469066238476,-8.09109484576343,-2.82595601427248,1.77856716942754,0.375640164197688
-1.68418804724806,-0.309107589243296,5.35207117573972,-1.48794194485221,3.07769449103899,-5.36537064820484
5.86085841406804,-3.99851710102126,-2.45786787955188,1.53046679278307,3.28804712428171,3.37540079297275
1.04116456032376,4.12027509270813,-5.06660407123118,-4.05078468118822,-1.59626516442513,-3.96471364458476
-1.3423686536483,3.45463232972606,5.50772940266143,-1.78942739825549,2.86642446625228,-4.53898858728484
1.06607278456601,0.346206693457238,1.31763390430458,-6.62922857228219,5.70451832122085,2.80830926953458
0.0105212344519423,-6.35464610932469,4.54683940978138,4.86324172627832,1.84400263301342,-1.06864609092846
-3.88577323811271,3.15258499365712,-2.66630074112668,0.503189577394291,1.60892097209374,5.29938256603605
-0.87015057260342,7.14146421626322,1.05188101836844,-2.26792230463674,1.9555056808959,3.1732886477424
-2.82823049384915,0.601353661503405,-1.42876395077634,5.41887731491994,-2.41992597104579,4.66073113917559
8.39971820936763,7.90233918956132,-1.80558565621012,-5.12306116165197,-7.74432532572061,-0.324413853406588
0.0138347572657885,-3.52020140890665,5.69397813140517,-3.27991117519467,-3.44099455978948,3.36810361194544
-0.843928276114738,1.69517033845406,3.6302749355422,2.40469271716646,-5.74291169844421,-3.00762212704257
1.74770809695168,1.185566428137,5.09039658065445,-5.63132952939358,3.9211757896222,-0.555455549763622
-3.2577294253079,5.68573000248139,-2.01793261232167,-0.102548869320114,-3.59528463512525,-3.21801557782541
2.14235873480693,0.147988762624544,3.34798966771117,4.38960367566718,-3.64176221686403,-4.47791583830683
3.35515199800735,5.40751238484048,-3.12651284382938,-3.0305033534076,-3.07473391558684,2.09753791774516
-3.35330037167639,1.30117042230449,-2.0156682037142,-1.82875945135932,-2.09707694174721,6.31073783278894
1.87939591308111,-7.58649515457736,-1.32726856420031,-2.66340052145374,-1.27161195644423,2.07431556163087
3.21105182808303,-6.86219481602889,2.15518306682582,2.38113793210744,5.21473743022943,-1.09689026667878
0.431136547543246,-4.65794282525448,3.39229185783379,-6.74408187384291,0.243454280595691,-1.6788311533024
-4.88806962366504,-0.343423854268472,-2.58854259231357,-1.6827329212151,0.625481246620054,-5.79146950833697
4.76871959665322,-3.65619368200536,6.24988401848388,-0.37133695257001,0.129837478512889,2.40190705674818
6.38255420751268,-0.729820617835206,4.55762901580671,-3.38344556786912,1.16396125227419,-0.0125707663613396
0.858716578892863,6.50336986276295,1.39531407547288,-3.44924127244688,-1.06232404910383,-3.48837005839737
-2.2959555642431,1.97702689984219,0.185248101554538,-3.34410180510847,6.01822061277286,-3.17228257834563
3.65822085052725,1.2622681656096,1.18233794277018,6.8624579051698,-1.46475927859349,1.3258687968468
3.42202297174025,-5.97979244457565,-4.95580686620181,4.56557775656929,2.79586986663115,-0.966386505198992
-1.21941478525806,-5.93187810328784,-0.183347196321986,2.8612548559329,-0.86657671205083,-7.83959150457528
4.37586913133475,1.14070555886567,1.5240707640462,-2.42735752724097,0.215133317547224,7.57943693882912
8.33711060786127,-0.215499611004985,1.07525133831912,-1.18068560027814,1.61661853583602,1.42313481071509
-3.43277854670471,-0.242126073417388,-4.09525311902491,1.14288999279324,3.56353822350079,-5.22640576335109
1.56561869529091,4.60837024801564,3.58968364171345,3.11287154047638,2.73908668111668,4.17338057628848
-7.56165813739902,0.851698578584404,-0.667916447229185,0.566582343716804,-1.03980262181962,-1.90082449043657
0.151034576586162,-7.25127533040745,0.155967316413695,-2.71875774622623,4.29040675096036,-2.64637480845138
1.24163913252282,-3.17625049240256,-4.97546738603205,5.26221974614621,-3.16593749118518,-3.50158284430248
1.57506193254899,-5.8427429910407,-3.44782822730429,-2.27764357545571,-1.67216148532041,4.67366760485251
-0.500561044510388,4.32227100400963,0.434511720974323,4.78480178122339,1.16712347547431,-4.90885623584971
-5.21423490550827,0.715000996545701,6.08517814328321,-0.835975743539407,1.16037426479414,-1.89225264137214
5.68665970088162,0.74685158601191,4.26120751002989,-2.27775209279233,-4.10930389323753,-0.141486266947645
-3.38650006260627,2.11675336841175,2.68578434390596,2.46069900232803,6.4414549677999,-0.291980929573398
-2.6045044813826,4.15020508967043,4.13560361225943,-4.34351599724057,0.70977657195126,-4.0041294242869
-4.9316141027694,5.58989040720439,1.14554320284175,0.221996302713692,1.31054311053719,-4.32927510855317
2.28471729671989,1.19680420820815,6.55685124580997,4.25379545836964,0.337724474064666,-1.83761800103173
-2.20921495069317,-4.29427196396184,-0.241769393520952,0.584504661617149,0.527422828556341,6.64601993076743
-0.809725852025853,4.44983205163605,4.8246354020998,-2.14207567326178,5.22767026284472,1.88814504250202
-3.1041314287407,-0.942516587003892,-7.27271512841656,-2.63765136106262,-1.75454365920628,0.61931314490257
0.839173918535436,7.61871946122283,-2.54466913893867,0.315241493655331,0.270690687314593,0.916637045872922
0.417235936475701,-4.87704660963481,-1.43455649527811,-3.84398385843044,-5.78074194419337,1.31946613498483
2.79723296317786,-4.20757309321392,1.05422849588493,-4.0979426922448,-4.50115039053528,-3.13628175817684
0.185655453881627,1.49158918577978,1.37432934332229,8.00121948167168,2.30252231555453,0.99841234993286
-5.49937649483807,-2.24088047618846,2.53550438297042,-2.57926058782849,3.0180204717803,3.94788403559729
-2.33171496068715,3.99525159711027,-4.96819904655074,-2.57404828712449,3.91126526265304,-1.22108491420008
1.7386474234285,0.250504857162988,3.31111929985532,2.23091913898905,1.23336466465793,-6.70560214696287
-3.29982688654847,0.705570545301898,-1.51138076011963,-3.99767326593417,-6.32178563592618,0.805534204918821
-1.59455695170321,-5.09015269481793,2.34401189363258,2.8427914722314,1.43717628454684,6.15676476507734
-4.76945961497372,1.78394581871251,-5.26874967240151,0.630306051213995,1.85308777732157,-3.38508714817127
0.37098892368088,-1.81059891529155,2.24679546652265,-5.42577613610488,-0.0480927273566807,6.14387072792844
0.415753950713931,4.49992491922452,-4.21080437701783,-4.43951760109672,2.51690441095691,0.946440796275704
-3.14557573473432,-7.86413166476618,2.22208019307595,1.50118878174443,1.89442511545029,-0.301088203677281
1.10210641351297,-8.1884887108171,0.645784264525714,-0.163067832858805,3.68042193637597,1.37798929069262
-5.08111779584558,-0.130353585879328,1.88838472328008,-5.77402157346353,2.53198037052166,0.0494211941801306
5.94930555653186,3.78241760638751,-1.56972451919364,1.90361857775562,0.678399459485649,-3.74613290181178
-2.81958838088663,1.36031353074671,4.14551273166539,-3.22957231181084,-4.36208008312976,-4.00356368517932
-3.84467395238106,-4.51628498286188,4.81241192316831,2.25009491211912,-2.55830184321458,0.666996950482524
-0.85725388569268,-0.501864366795872,5.2116028131865,-4.73891001470898,5.2369160287739,2.26224966729741
1.86357918291808,1.226987002231,1.36635493696297,6.69398561235159,-2.74509160060093,-3.11149800101084
-4.24734081250279,2.71493721940561,-2.59504641497058,-2.01101895894443,3.41632858926973,-4.2001172773751
4.72999198551168,-1.71523944030112,-2.06127416848679,-2.07673639184578,-5.94073733425074,-0.904113764441778
2.71142293534651,-3.88399137542718,-3.91419858255885,-0.541000398574352,3.1015319556202,-7.0273897078162
-1.41777097955693,-7.04529745644878,-2.33967753046408,1.40881104130676,1.11306177187188,-4.02383772157875
-3.72418745718698,-4.07904409453283,1.466996444626,2.43532626427553,6.26756455634486,1.24783600637191
-6.60624593113833,2.77518189499689,-2.74114010139023,2.41752626814048,-1.99604937541095,0.353951062830005
5.18091685271614,-3.79514183670606,-0.26788872834015,5.27299506766344,-6.15805949522172,3.4665210764376
-3.75015476367605,3.28078832745729,-0.814774820283945,-6.83112662876314,-0.401893658594337,-0.520559704015471
-0.366416315045313,1.03171267897258,-2.15616535635059,-1.83663018882549,2.55923492542623,7.92628587791355
-0.952537206810602,3.09680277789076,-2.20182902056298,3.89536576183223,4.40224618815468,5.20699832781941
6.23425985465263,-3.37824945534133,0.198480379572442,-1.97271949766752,-2.1895195213771,-2.95788610389311
1.87406299844498,-4.42561465977066,-0.208659494836029,-2.46253541369693,-0.691035264720507,-7.1684843817254
-4.0134140160678,3.50504548883907,-3.96673256890302,4.57315126432773,-2.89233907141701,-2.15645801531271
-6.50246303100556,0.538323574856462,-1.1425537245543,-1.21619071953454,4.77663779481965,-2.20871750310161
5.15135892162158,2.8851070522318,-1.2223551695976,-0.368148212800274,-3.99408073766678,3.96445328426065
-1.20218237574723,1.71339178896974,-0.393247650453698,-0.600267009934052,-4.18948165264314,-6.9811224668877
-3.07013798501077,-1.50817008124627,1.9724633485451,0.870040818373642,6.31321869787409,2.9434259931973
-0.0154592609181724,-3.08189939893477,2.00037202006163,-5.07825168434207,4.35725792298269,4.29695290881604
1.15172823518979,3.40475074030277,3.95717425815957,3.46632408029582,-1.65058728502414,6.48450309281264
4.84971805060146,-4.96403789375614,0.109839059634124,-0.762311320250458,-0.890828512135492,4.57981459643302
-0.40198713962358,5.83494876653348,2.0425353138431,-1.061959190302,-3.95729784272583,5.5487084562267
-2.97723893234893,-0.220378012518114,6.90692463142733,2.59990685993038,4.69805647472422,1.38243367757281
0.0265136027364332,-0.270053225982426,-3.80489110732566,-3.19648797327843,6.41903688155342,-1.75388598920484
-0.520660113345029,-3.74943396023587,-2.3916087139168,1.59540408845108,5.45657606007631,5.01004598866098
2.78555942052385,-3.10865596051388,3.45935717309179,0.373165715845578,7.11959755115764,1.29520228284777
-5.63289048728987,-0.909256876876571,4.82127692222422,4.14101919328895,-0.595895664765168,-2.2950146067232
-3.79437134873129,5.36219911029588,0.754189174311175,-1.95525326860001,2.61711039107326,3.7774536539685
5.81842677896483,-0.95106901436459,-4.58108526493853,-0.147329342499875,1.01094059359198,-4.95289720929075
-1.16079888506191,-5.77541976241138,-4.97424127237351,-5.03496841005786,-0.0890252721403616,3.85579768589672
4.23331956421445,3.82082825617355,-3.62845221752662,1.0898186966848,0.965019731288295,4.39918976988493
-0.353419716709571,-4.01741719720121,0.147923608254333,4.17159521987494,6.20174182630415,3.64444863216386
-2.56198928798529,-7.00275793482176,-1.89942991882459,-1.81623518155942,3.87888541363718,3.60970673799964
-3.07717073617192,0.697170920840059,-6.98506222259332,-2.71570214785427,1.64968025387555,1.70139518349812
2.3139456066871,7.7079236313127,1.3979099157826,-0.386992728224205,-1.06128876239964,2.71296235095792
3.23232281982168,-7.15005695412744,4.87708274723178,1.54287490314481,-0.518368823565834,-2.16873509895211
-0.120226663296613,-1.42370185310402,-6.52329570697128,5.27807367050551,-1.82445514356322,2.92660012519204
1.54802430068595,-3.08382306142523,6.97624631421331,-0.885418200432033,-1.75276424020287,-3.7947195684965
0.550593416251082,7.126733594772,1.99815165630349,3.54199417051469,0.863958327304639,-1.71459618304396
-0.888174331722872,-7.97621246697043,3.93546658925214,1.61966148130246,-0.653844533006377,0.305546194448631
-1.77583693265063,-2.57544239316049,-3.54173294344155,3.11888480578597,5.36781515553881,-3.68739987591135
-6.22545369288021,-5.20441020171696,0.800091320474499,-1.89534316206851,3.72397232023443,-0.099233345739231
-0.418348584241217,-6.73285097201842,-6.50477898031606,3.63604494504284,-0.776978523568714,-0.448199945065777
-3.69766496612735,-0.737985953334006,-0.726657017154346,-5.38035289407003,2.29922669696388,-4.54368662415064
1.90868525994261,-5.29472340969105,-1.0460175924874,5.09440096881814,-0.901255029592506,-5.02059908480042
-2.24443370966274,2.08295072587589,1.62652677648253,2.23816940725888,-2.29699278132379,7.13982607139298
-3.06115923636532,0.119267949463597,4.61842716492668,0.413662582112101,0.433662992242999,-6.6333894381901
1.78953113334954,-0.529566290672521,5.19090500016409,-1.43648825457103,6.39905323621534,4.41200321187025
1.03416359766339,-1.57288100468203,-4.02273822521528,5.89129661089267,-2.97673547368081,4.51500250313269
-6.96081075892911,1.54844771079024,1.77911563688186,-1.90989847248418,2.80629789023668,1.19386386121949
-5.1396631068426,1.09583422939824,-0.427025525961828,3.74423645068393,-4.44600213377808,-1.84073742411412
-1.40101784925947,-7.02888707303347,-5.75441735085391,1.01680681004007,1.89729462150272,2.54394960485192
-2.12728898538167,-3.846400468843,-1.03602070753292,4.37979282493077,-3.22080081719685,4.86790205187369
-3.23570773083239,2.17243075829718,-5.10506679139833,0.788072802168005,-1.69558917126641,-4.90693105484553
-1.02824590742854,-7.53531527136117,2.48971025066302,1.68112064059546,4.09019103765413,-2.11196319373127
2.82625979800189,4.37324335166919,2.81548478055752,5.36767835257546,2.58688399908727,1.25709810433946
-0.679326029339501,5.62251821155391,3.21979049383737,2.64739487422265,4.80774348798078,0.805120397357301
1.19353328770669,-3.28379339408427,3.55097892418941,-4.40994209933383,2.65359263941199,-5.94987201929548
3.42303932061803,-5.6489089895456,-0.554030513157834,-3.92645369224625,-2.97581494768304,1.95742823832814
-6.61549879291907,1.85815123701141,2.21347501607552,4.07604838299087,-1.48319454867883,-1.73043956952651
-0.633150920557303,-5.26442816813041,3.65644548725316,4.10752820111797,-1.9558840600358,3.55764988500392
-5.87712130524027,0.618152116580288,6.42237198574546,0.726489028844023,1.55564518120108,1.59265896422246
0.968369164967724,-3.43044861511071,-6.2557270968862,1.94972137530678,-4.6186117379905,-4.88237569711446
-3.41341212161389,8.22938833764407,-1.65054286726558,-0.598258063960325,-0.000769902349955447,-0.553281312921609
-0.830191580075776,3.91352092811171,-3.95601992059544,-3.77305995618495,-1.22856296248733,4.18792324442189
0.619723749626415,0.0645292628826613,-1.44883481615789,3.55514633567681,-5.49232807173029,-5.72995829853745
0.657138018535887,4.58705722724605,-0.788723927232266,-5.12540755107402,3.6350936111982,-2.91829595917761
-3.87729046624404,-0.146457146139909,-0.478768715541023,0.66724131892835,-6.83281131549139,3.62248114889961
-0.338153829916616,2.13638642012633,-0.0398404369466407,0.771828208074516,8.047505568643,-1.3997642039978
-5.19535288226494,-1.90098783408353,-3.83680047365832,-4.60225902681771,-0.300324331787988,1.54703166503117
-5.75290566893532,0.44510056334396,2.5857102559181,2.24680115820576,4.0468907606789,3.90188664254982
-4.65626652322744,1.02855106094295,1.64997533328745,-3.27186135924479,3.71904199662318,-3.61284816587437
2.99210268171519,4.03111236954889,-4.44210403899874,-0.48340223769533,4.9048459754702,2.16305466547734
-0.581429027012581,0.824503406364436,5.53972959829616,-2.64069229698439,-1.99087452435629,-4.88899785885325
4.7123648737934,-2.59416148872505,-8.24906169386618,4.11581121880691,0.950409150650708,-1.67620885000084
8.09579351085501,2.00247004789579,-6.03400264632573,-0.339125301591994,-5.64893561734217,4.45194650399132
2.01950377020782,-4.64950883870856,-6.66600330090163,-0.824492471482403,4.07878012459323,0.592814534196045
0.86276529580521,1.00360994812231,6.07768005855683,5.57499529626256,3.45531231284416,1.45337706827117
-1.74004669320842,-0.684401154033208,3.77649827748085,7.52070911385717,-1.15225148803265,-0.705666846333227
2.71064046091323,-4.03925524004104,2.50595857749631,0.787306297022748,-2.05578679714214,-7.21747213667928
3.62705505496013,0.81805539602669,7.31654850923991,-2.00113849778294,0.668620500364479,2.30662959757736
0.351891746763368,3.60262206697502,-3.40442939167317,3.95182842531196,-4.55539263657915,-1.5943068777338
-5.74252311885445,-4.21199967639791,4.03733964340065,0.367703394333573,0.262786293754417,-1.00818827737894
-7.75898054614061,-1.09283929257883,-0.413148418713148,-2.3696368075244,0.591615966230911,-1.89368063136273
-3.52594651896152,1.75941810429042,1.74042991798204,-3.3811641100746,6.35082475639824,0.905643849230674
15.6932463634825,7.52877670703991,-4.67065070884935,5.39159192947723,-0.928196035458188,-4.99868046738887
-3.04225613605383,6.5144651229061,-0.835258680769894,3.02051979510824,0.548181645239596,-3.0402432546172
-0.854788079296907,-6.83614209062806,-5.43952987429918,-3.45153805655911,-0.888177538341881,-1.02521354693024
-4.98430279226038,2.9554967597897,-0.133423216059304,4.20802323819021,-3.54686822151661,3.01320811670248
2.74749430853041,5.19227980541232,1.18646916458793,1.33455292739545,-5.62967435219702,-0.0631658398877461
3.93413089320927,-2.0129722522297,-3.27342117666009,-4.60607181907985,-2.08274985891392,-4.49980655478583
-6.67722800158742,0.87838356378306,2.9132791631719,0.417092902690139,-4.80641108555472,0.874623808611528
-0.76690426401225,0.0963844361277718,-0.789209444898866,2.47488511570434,-7.87884939920712,-2.43928096266426
-5.39313617625283,-2.17448730754405,4.55031628134546,-0.0724296949495929,-3.77323122172643,-1.02490613922249
1.37541862656704,-5.42724614746854,5.68847638530274,-3.12268154653834,2.22309841220281,1.15131920029445
-4.02373926286928,-0.497243699937971,2.31561471394011,0.63581041592729,2.2525598653308,6.45933014486138
-0.573428780484836,-4.34480437832263,3.10021820779424,-3.03875883420989,2.13964694403135,6.5448693138722
1.11952130819689,6.50440048087339,5.03296411265736,2.18330790758383,-1.09489101977265,1.47752846159828
6.53637916028088,-3.66335082852146,-0.219234023405823,-3.2644557703169,-4.65181415730208,0.935743937170407
-2.07474258177095,4.83345089178928,-2.52892369334317,3.91047510966573,0.844249488200462,4.88198419448835
-2.33746662707783,-1.65441744677006,-1.14923037931101,-4.0899507393035,-3.34573465005687,-5.53881625850108
-1.40568968338218,2.17513583212327,-4.00866924371502,-6.17991949253071,-0.928358243682337,-2.3412860412909
-3.1518012285448,-5.25994617178398,0.636141095740428,5.1006562741853,1.8291136715398,2.24889229692868
4.47596505883287,-0.141824367728344,1.92744465063721,-5.53456069798263,-2.95070910516528,3.4664200905968
-1.15159294957069,2.99620190354684,2.19013708617391,-0.821185243027307,5.94920364636931,-4.40419807418933
-2.83588119473233,5.2269413685911,6.07404446354504,-0.0654492690644769,-2.59564341742938,-3.54891398424702
0.183017102400286,3.14071992366288,1.47730153044813,5.73396622177222,4.96848580777084,-2.03579636190604
0.0830229591050554,5.49311494323998,2.77676910009517,-4.20289488216689,-3.08386953545312,0.920762310413681
-0.493605080631051,5.09579593979316,-2.61093840489103,-5.03093782803828,-1.1928763629581,-1.12385356557049
-1.58383750254862,-4.946032940265,6.06582369701487,-2.6736068581903,1.21808052108527,3.27132203009176
-2.78966206570941,4.94853817920673,0.206015058749089,4.74258692523522,4.63924082772763,-0.611468007919579
-3.52095875658513,2.5959230770836,0.300796206428415,-6.20065229505678,0.8117656372287,-3.57579143316967
2.88309297302871,-2.63556020741081,-2.16551207625426,-4.43437535610769,-7.32368669378927,-2.34701144532029
2.46684778160459,5.65411072236678,2.39483945135517,1.10247054953067,0.475328796061445,-4.7235707245136
-3.38191185409575,-2.24856450890196,0.961860634562743,3.08717440015665,2.65585428770462,-6.08558997795462
5.7754916459971,3.2918203597547,-0.244578390529548,-4.52574712662826,2.84475127066334,3.90863639002888
-6.96451553669497,1.97702404887167,-3.09121638732862,1.08450610745937,2.96516028908168,2.08796026994452
5.24178943271061,-1.69867368421938,6.35490869850713,0.512966406856199,-2.89597732454923,-0.93174363875695
1.3267542534633,4.39725227803096,-0.814762598908158,-4.18369034687468,-0.865962736679194,5.19830863220075
-4.13783513484128,-0.287014678796104,4.70864035383133,-2.47623104924686,-1.77083993705354,-4.17624442593944
3.42243035999042,-7.26314180211941,0.413560236523564,-1.04034564851585,-1.85643234283313,-2.92245060188491
-4.34226113468307,3.01427384397534,5.58461846761086,2.93674415176542,-1.62072311081097,-0.270917608495469
3.07513990771165,-5.75990421728006,0.988338818560279,4.08977064386248,-3.21773887068378,-2.17502541360584
-5.99240861507057,2.57339195761462,-2.31091337041355,2.91518393810252,2.0081479451296,-2.98906193119492
-1.86588638550077,3.72077089141076,-2.34246416964669,-5.2526761294629,3.2410992593094,2.69346400193235
1.00465678002547,2.31517463209914,-0.171706605022215,0.133848620011845,7.00269992992197,2.9961403669171
14.5149867603939,1.93388107807241,-3.08167600311059,1.42057194557298,6.98206741327316,4.47144423548201
3.32210780892517,6.10088877655974,-2.29435026526077,1.07909619816707,-1.39962413813175,-1.76184741688362
3.18273827970471,2.86985357172462,-4.70818699080531,0.607172005153193,-0.316362196296665,-3.80152497541706
-6.1881159477631,-4.48576551423743,-3.50059881197807,-0.0570070483993875,1.1905672098823,-0.762347526660596
0.125954523963403,-7.13950363740426,1.50604879135145,1.03806964661277,-3.60665464487581,3.0563929516143
-2.1004691536698,1.84306499992092,-5.59778908047757,4.10271368079991,2.90413223482283,2.60035828225251
-3.09472456790842,5.75818822327993,1.48762751054923,-0.412553843309101,-2.45703471025734,-5.32991325717396
2.08644201599712,1.12831430341807,-4.91598211455671,-5.39160282527386,0.0139602707999565,1.03847877565691
-5.00230511361834,-1.95161578379071,3.78223595467636,5.19930003892597,0.487978239762284,2.17098404776845
-1.47648572630213,3.17971879859219,2.03814053386206,3.87011058038793,4.63169028451485,4.36887193176867
-0.536270496475904,-5.8901983464366,2.34557476578272,-1.46172085400932,-5.01767758411061,-2.95507489914465
4.10835161100144,-5.31589782873701,1.89875770425652,2.10322014994674,-1.48284607421315,4.34884860744488
-0.342600803256817,4.0188088422276,-6.08850391033573,-1.43406794258655,-2.87545252121373,-2.14589625609826
-3.16119018707454,-0.405009935407009,-3.63545012008773,-5.16329601631182,-2.02537246031675,4.05433167832021
-2.63554999611681,-0.343806083710813,6.90269416768775,5.51587440704688,-0.37604672402676,-0.701289319707961
-2.12514722969874,7.60710598041532,-0.582950057283482,1.2144251995139,3.23087650737506,1.66955147576126
3.66675215307645,-3.78977417735981,3.02258882683532,-5.1418575858001,4.15253206026562,0.259917929181744
4.16963915625248,-1.74135543941818,7.53626478198864,-0.130578055277567,-2.73243619108966,2.61033879134499
-4.81171890099393,-0.168086059433345,-5.05526282298478,3.83412976704114,-2.60500780222575,1.98147504688502
-0.182083515495559,-3.93567864999654,-4.69210071891539,4.06665608006201,4.31395311610374,1.1376774374319
2.4212249817913,3.69258633102051,-2.68037950516766,-0.768528034620578,-2.32851638050773,6.83554456997004
5.29037849251053,-0.358800336470026,-1.92618399401465,-3.8780024133955,7.21713821658987,0.400076210154468
-4.92797436563053,0.799798239189435,-2.89063229721283,0.904556201613599,-3.136596055221,4.8068373695616
11.8008289804218,5.49177415513566,6.72787219542107,3.85492218427426,8.86993179921756,-5.37753181028703
0.0452159384105003,2.86454481679363,-1.51917147799936,-5.58610912581841,-5.3871507222425,-0.80701908564392
2.06558652159455,-1.53649056768215,-0.79989511152081,-8.63814719038097,0.891126988724329,-2.62985966656077
-1.82707305638877,-5.72691616401583,5.40207504097924,-3.48950960114716,-1.24441001909118,0.429889194235881
-6.71821604301025,2.83792694495738,0.400868883073231,1.2972245034607,2.98395416583313,-1.0654605145727
0.743273197972914,-2.65089293656465,8.22849867054455,0.955628583937232,0.470130769815808,2.10613850037523
-4.38542801230605,-3.23190227829259,4.28315434176098,-0.395035990943214,-3.03820439145594,3.40558999850501
3.68643130675009,1.10719770961523,1.84718523820499,0.895423127780435,-5.73523326887635,3.16600978830143
-0.934688158759899,-6.37544952758824,-6.09627471306805,1.95630878624303,4.07105706094783,-3.13680008515931
-0.551045247520846,2.91613781627183,-6.83495610760635,1.53008455126713,2.6226656748128,-5.03686451071216
-5.92020385787705,3.81769729521153,4.19763649127115,2.94280463769445,1.50419716230497,1.87882027884764
-2.92144891394578,-1.86608089810284,4.50072111821308,-0.355456599043884,-4.78045629905164,-3.60015704882641
-1.97981888529773,0.807349160254679,1.92004108541558,-2.78798326519755,-6.97984992991705,-0.979127507257786
5.41476827310295,-0.89073142695571,3.11247019900681,0.933526217151689,6.12556956379472,3.74371810243563
7.14296195159611,-2.27001806408368,-0.985455669154628,3.3560805114857,-2.74299599071958,-0.772405364992643
0.754459673811539,-5.76688327538193,-1.30489867635343,-5.29830237631001,-4.12557775076263,-2.37821392984333
5.33964430039574,-0.834350430528782,-1.93780461032925,-6.63011225637204,1.73307346185938,1.9462987144814
6.21803657929964,2.18027948354335,-4.50011538303505,-1.71507350156444,2.34765634514137,0.624476128827335
3.04456020380876,4.54967623800547,-5.98628780234013,-0.0567186844936555,-0.200737797183063,1.68963821035645
3.59165876995817,0.196393659291114,1.07145747260103,-6.63416072095898,1.87723338864685,4.27374058382957
4.62690734992652,6.00545773181178,1.80075934446467,0.52333742466503,-0.0536350393865885,0.572679957004531
1.92372911275565,3.82649930275158,-5.67696907982328,-1.38436396862729,3.45669541575631,-3.24075766487694
0.516280986687862,-4.81360204293735,0.866301158865858,-6.21138855772749,-0.483021971217505,4.83944738815803
1.72800833424114,-0.953027515179726,0.234673398739456,-5.46383533473447,2.96011828390992,6.59501747028184
3.15289407331307,-1.5377822121902,-5.67889665940112,2.84889298609314,-5.57952900804757,0.145917287156093
-4.53201543216773,4.16439813014186,-4.65739496200903,-2.1195050439068,1.00321793454439,1.77189861295639
2.17368939559732,4.41798613552141,-1.32052470271849,-4.85695844162835,-3.48419542097155,1.34544605908928
1.04147076333502,-1.27396084708763,5.15291214212335,-6.61697374647329,-2.12489277869651,-3.05871064138865
2.72040621640723,-1.88064737622481,-5.23626899621663,-0.790823050938763,-5.62400305716013,-2.85503029021757
0.302238905600853,1.09550448282755,4.42378285870154,2.78991248798113,5.79082411978185,-2.88656453963822
-4.04864187270877,-1.9753130349399,-0.0812718413249857,7.33949328446339,2.30940368816261,-2.0203853913754
4.7695982232572,-0.117155332866501,-1.35140149948966,-7.830442139234,-1.61326150123494,-1.42249360368151
-1.3496969802871,-4.31178049628441,-1.46114608672171,5.34493015842939,1.56641723389682,5.25134078070411
4.16695335117933,1.76733452044285,2.49048523021338,-3.53040525265151,5.61373370186332,3.62388275277718
5.8875577631123,-2.85488104837079,-2.67597413465302,0.664262127605981,-3.50676443932814,6.12634677636364
0.0448156494071516,-3.26696903112913,-1.40868270140513,-7.95955787816469,0.764432298195111,1.76776275377295
1.17298348713151,0.0157536485290133,8.24654168677721,-1.99318303877572,2.26066905858792,1.72942181397457
-3.65419253576609,-7.15454417336144,0.920035320975195,-0.768690064037653,0.296322604293637,-4.70612642213346
3.20454685450989,0.94730173029303,-5.07095618754773,-1.39609694456861,5.42784946544757,0.704167554655216
-4.30186654953975,2.99160146659123,1.94124226244917,-5.3864944063592,1.9122713743522,2.29540832592995
0.0942690686902892,0.412395365474266,-4.00800293678556,4.61468737955908,1.76434937989095,-5.97444740055597
-5.41045632111628,-0.602863710745714,-2.74831025841391,0.060547131596601,-2.80475939973947,-4.61860148623284
2.39986766401304,2.71329562959881,4.9016919231883,-5.2977298394468,0.319221421777047,4.12479427230267
3.29428425819873,5.72801838676991,-4.39453843994954,2.32748214398013,1.88509550078295,-1.16052735018238
5.86751913823395,-0.450773345050845,2.60280058960046,-0.789309542397227,7.08324639460485,-1.41817870448255
-2.68343369819522,4.18400978267301,2.43987262953944,3.79566187061661,-1.2250979171541,5.09178296001143
-3.91172350186527,3.69999652051201,5.19708991444145,-0.17765231271039,1.48732002194403,3.54051255316733
2.79203210074932,0.7904359104225,-0.484572292165455,-0.0982114751081284,4.96937291152807,-5.83309320002633
0.501034460387264,-4.28079816472064,-4.26993439881946,-3.43208311919563,2.99184709330078,-4.4056877213283
-0.0720254775959292,-1.85264132400667,0.651613831761072,6.89020987395327,2.10683266284739,6.70307683357321
-2.54747277456731,1.84030015239449,4.76405983920871,-0.418656261566124,6.02532619164299,2.4282643268739
6.12440495855184,-5.05661856092353,1.98456319745771,5.42470946344594,0.273474292498536,0.415713213348151
0.147193871884575,1.1218833708439,2.36634154946189,-8.06795028857032,3.16440892270593,1.16795222424897
-3.56595632909605,-0.918328593077671,0.928126658475254,0.878901900120047,-1.28854767889984,-7.85455896432974
7.05140317729768,-4.65953482906296,-2.45793324616011,-0.970997637973108,-1.1230898899452,0.681197841927451
1.75566891974957,1.3176658629541,-6.01952733432748,-2.15483763448199,2.91355845943767,4.92753478148398
-0.985240842953689,1.61492373241878,1.69087473119607,3.03414470735559,-0.719844587190629,-7.66628864141977
-1.6375610126012,0.822931317715228,0.620943671051618,-3.79345827881491,-4.17209453180406,5.31461976940457
-1.76425021913099,4.17452087360024,-1.4245695768196,7.09577364345223,0.801103728429164,-1.258112066977
-1.77945411652122,3.75951042086275,5.2265930853979,-4.16072912997065,-1.34026890132026,-2.1663469089995
3.48105623400496,3.79806239103238,0.917013334223041,-0.535302261302439,-2.18427988728273,-5.58309775194889
2.67979739803421,2.92601257119671,-3.29174023851134,3.51061191761433,2.60225727739624,5.25567118377925
-0.627050134580108,-3.21682578931721,7.07373214893838,-1.8689942036014,-2.73931468457209,-0.210160434026848
-3.25670934874948,-2.98458786031455,-2.57451564966726,-2.2092272168594,2.75858630331349,6.33315828342004
4.20511167259573,3.70608009338908,-1.65060358754227,0.772619108536124,5.74311899389523,-2.11691127551876
2.38035208140131,1.67396340312549,-7.26459233619114,3.882855178622,-0.347582332030404,1.17203743257185
3.89728084872092,0.970961031480698,2.41077826595284,4.81516218156993,2.20048111248587,-4.15752480361435
-3.0190153887901,3.23732797268141,-5.04903424409647,4.74585862831522,2.88954302723077,-0.0166796904549875
6.52652083001968,0.458312812083008,4.21211064746108,-2.12843085109223,0.204290219932322,-3.64612036868539
3.32068801274918,6.28644201827273,-1.08057914048936,-2.42644470087426,-0.252091364398254,-2.3830948514207
0.772484125458059,-2.43403977726754,-8.21900403797447,0.981402933230964,-3.46385737363638,-1.56474109176091
-3.17979870064202,1.59290658203104,-7.25863062201062,0.423235268102793,-0.553769994431257,0.846219139591696
-5.97339529062333,-0.224652693509318,4.63467029942173,-3.66377830554827,-0.971914681478424,0.25125126393301
5.5138179341349,-5.9335790539021,0.229006442103431,-0.502751945130269,1.94401490098729,0.576836947945262
-3.66969251848933,3.12497318273048,-1.81097352620036,-1.69120723791889,-5.23855829742563,3.15953665618302
3.17298554868167,-1.06385383406024,-0.9367400744309,4.06990162540883,3.10338592645276,6.5301004518628
-0.925813287724659,0.186467973808873,4.54017626868539,3.81375161322951,-4.16882238218233,3.85506391060636
1.27485370997616,0.825824117991632,4.04766821992349,3.16730464855992,-5.97786845506829,0.0106718120080208
-0.943646947339969,4.6882374961234,-0.321851842285662,-7.12900174075281,0.377956643202637,2.027034104454
0.305833020054541,0.863240891886667,2.43187123362209,-1.34340857770069,3.5079429019245,-6.84904442034297
-5.13056546045369,-2.04069499072366,3.27083718877109,0.846206656435765,5.2002109100025,-0.562126789140316
-3.96805615458771,2.37922467738472,-4.35359254727838,5.58079441844065,-0.141391588840724,-0.235044173792044
0.261749414528748,-3.11675582487909,-3.21100130468048,-1.69620806411459,-7.23264331702511,-0.818436442300226
-1.11339836062512,6.8722324172418,-1.55192856857825,-3.20963475384253,2.27129653653799,-1.51173370508585
1.30990488331168,-4.62146117592075,0.604730384910281,-0.565483187477556,-5.17521127096598,4.24177137855221
-2.58899811218314,-1.72838126831748,3.92986018996749,4.62481581836123,-4.94661077508747,-2.81228841478808
-0.99554602900107,0.457451801340437,-2.77959289128545,-3.6514126618194,3.71257188589959,-5.74586100133099
-0.368646204766387,5.37964102690263,0.797591171132426,4.05889962233398,-4.90960207686232,2.27566331089505
5.37374367386824,-3.46451549362424,-5.66623539001396,-2.72884242293083,-0.76138338521356,0.604569245276231
4.67789119160448,-3.18404920530873,3.65856707232051,-2.84255067684398,2.34504588876337,4.07888854783167
-0.445747880077275,6.17373750962327,1.22170241109135,-2.43516716814425,4.46020510975578,-1.8070174881592
0.0207050770851267,2.850985754111,-2.02883844551723,-3.56937485369697,6.22330630335094,-0.236196448270343
-0.00762304551602219,0.982632989420115,0.103042107046909,-6.04751562219211,-1.21685308959773,-4.97650367531548
-0.715508023571754,3.3515594367544,-2.27670091453425,-4.02412309536478,0.969852383123124,-5.86634913127456
-1.70297370002432,-0.651372473321123,-0.734376882389999,4.1012607062634,5.97397205864877,-3.16240873164812
3.30883866240689,1.12186673432001,1.21491174712474,-7.7821789722921,-0.346741110115506,0.354958074328625
0.336558173889424,6.37617818685544,3.99911563628652,-2.54759646701769,1.36233668772805,0.319134020962075
0.577333134472873,6.06324556599424,5.83799143274105,-1.53621444998691,-3.69457209604926,-1.26768478804172
4.26158547726781,1.03838935738508,-2.13652215858004,3.34668780851935,-0.388267358963078,-5.53659436736872
-0.618535230046773,2.07752382057954,-2.8387438655615,-1.46441878989956,7.52934436440084,-2.87561646804446
-6.61082514390181,-2.01576127199717,-0.932918769302345,-0.428464338211175,-4.42371663833458,-2.85482259026368
-4.00542623005481,-0.325635931524857,5.41405254246623,2.17114218623141,-1.77862093346775,-4.3919095227985
-0.614888248656726,-6.14836131012286,3.87578897498237,3.06555735080446,-4.04077013279392,-0.564057099928762
1.49455126908515,-4.18721840205459,-2.05467567999406,2.97441018936513,-5.84486776530213,-3.27011148673118
7.0254466502941,-0.849170331674473,2.16953104808875,-0.105919874774417,2.61879274284611,5.22832558285154
5.11153191382843,-0.357425732238632,1.54599364887444,-3.8442137185987,4.35355027723166,-3.40006185257516
-2.36695929451767,-2.30758655429434,0.233985650542989,-3.73501677890012,-5.6542959827569,1.7056975337656
-3.50633957695951,4.00664973609546,0.0988234781381011,1.89648897624376,-4.45655168171619,-4.62788530200265
-1.97107067519791,2.74350793426065,5.11071203724906,4.31402433275752,-4.39514784810415,0.495680694371315
2.47941981652043,6.1414235948967,4.04155172299805,1.67234229131945,3.52295741475857,-1.13004341991759
-7.31648610458007,0.443064187901674,1.62404415134129,-3.18077178066347,-2.52243169773479,0.434568564790877
-2.9189950832546,5.13631134318625,3.66542902262037,-4.37318512108723,2.49154361290799,-0.282977178365054
-3.51768507701802,-0.589685854782628,1.3655195015349,0.516085856781253,-4.69018446570222,-5.35029706713042
-2.70150878450884,-2.1183241843052,4.72467037599428,-0.459718538494192,-5.43491015539693,1.3973073614489
0.388054277774834,5.58811352659991,0.153493211343306,-2.27642991604224,5.56549036428456,0.425678035744686
2.03851590062085,-2.62758971114709,-5.03309994386296,-5.89739792796436,-3.48130547821646,0.593928844265467
4.62670613274466,-4.26126328575569,-4.59567185697319,0.108589593253978,-0.684686448835633,3.24458044567228
0.541237481777938,0.111979343529935,6.61902612284951,3.84127067376348,2.4797607461063,-3.7386222447842
-0.812012283908912,-4.21609617889736,-4.63818995751987,-4.27133919961312,-3.52194418830325,-1.88907461014495
2.26802887086368,1.71889682830643,-2.93936308290763,5.35923476375989,-3.17962982647959,-1.77535994623739
2.27933589278946,2.70870043340227,-7.93983572304309,-2.7729880376517,-0.567285642236077,-0.16947729325854
0.363159066608284,5.26913585581287,0.466249118259956,0.764622424097757,-1.18200145993034,6.56867403650784
-2.0756069352328,-6.84284812911552,-2.31242466924222,0.704945697807627,4.59809892215787,-0.727580276611983
-0.232642385436575,1.43734451897964,-0.957596692857604,7.20159857526667,0.919543929745971,-3.70546983279549
-0.299805553511246,5.98203110430975,-5.18483460890097,-0.699876286086802,2.29415946924538,1.29925065068149
4.67601563171085,-5.46389665521818,0.139105501180787,-1.44738102002301,2.70346039653422,-4.91488032336945
2.98721003383316,6.37745970962025,-3.22998977379284,-2.79226463180766,1.00948430520123,1.08899471057963
1.00611001355317,7.01363837319838,-1.20100568308943,-1.43190812273871,-2.4917068003453,1.13290802633571
5.59429846861508,-0.583428396141381,-6.02249587923682,1.52117984388609,-2.7329881280013,-0.910744396988286
-3.7229652630656,4.56814695586926,1.29859960266515,3.05388030724143,0.0340822943771651,-6.07586708928222
-3.10833969045318,0.124451130240209,-5.05426530622457,-0.876950665409423,2.19346865982698,4.56906139903095
5.12484177368792,0.831758168425187,2.91033943875799,-5.69482880856323,-3.05337108660427,-0.983864940485777
-6.15006610670681,3.69683592613023,0.04057239924688,3.51124079308719,0.991282310094597,2.40144152632441
-4.28346806347794,3.71392982581151,2.4722133091315,5.44367231336344,3.18922429020156,-1.45158686492655
-2.90462055397451,-0.354916356171876,-3.76301839546556,0.30063058930034,-5.47317700373126,-4.14721722260728
-6.00843692297106,-1.14480088933706,-0.937057004076991,-3.88584908114383,0.403867071830249,3.42657603570823
-3.47902503952293,0.366807967842766,1.04412563695059,7.05402880645448,-0.256499024512696,2.37026004365549
1.91278721528818,3.03526872232209,-5.37178559231548,2.93154857909796,5.01941757883882,-2.48516970195405
-5.4019086724533,-3.11366507251143,-3.68209842581938,5.53549147637962,-0.795659484232334,1.714895563777
-6.98509685127359,3.37319978307377,3.23419219652434,-1.03843929730343,-2.36743582340308,-2.44910785348601
2.88855496645211,4.14408271108393,-4.25013890651535,5.34006205278761,-2.06540253697008,0.399465959996704
3.33118648805731,-2.5813031368174,-7.01997630273357,-2.95123699934257,-3.30728114346778,0.556880158868792
-4.77328168718575,3.57987472683053,-1.53748032355554,-0.55932142901583,-6.14878771779893,-1.49218854991234
0.057900454942687,-0.513948084244975,-1.91110655221586,0.356248883015602,5.39236171038696,6.24146016552116
3.86368064936858,-2.09588394238173,-7.41619430085453,-1.48531580033808,0.356853461669785,-2.23708065867753
3.40537608757821,3.04414721192024,3.21030005059957,1.07162195982578,2.52182221304055,-4.56750943059594
-0.0916092981692299,-8.13505119890065,-2.71693832380063,2.35034900378706,-0.838869056496267,2.48757197995902
1.69639799868298,-5.27206625614219,-3.52796658862544,1.10139075547975,1.1921462949916,6.57228437577657
1.75749521722968,2.6943520418769,6.42444593501919,3.0966853716056,-0.697866023474371,3.12588967322319
1.5365071635862,4.13547567192365,-4.34196911529445,1.80962019568879,-4.14572582975563,-3.52002516326226
-5.31674901412988,-2.36535275267755,-3.36467207037222,2.86116553027851,-1.73203214636219,-3.00940609142595
-0.313006679536634,3.91438325413466,-3.40525061869427,-0.120235928071386,-6.34315045726476,-2.08438723822601
-3.90933657620072,3.10247852764216,-0.772110646427297,5.97774976595994,2.28475608278204,1.29947907615961
-5.21437774180207,-3.22825952367664,-0.157409470686241,-4.60874595177511,1.6545931866435,-0.309501091044079
-2.39585486606855,-5.0570994118662,-2.50989762093252,1.84115406151732,-1.62515491391973,5.61499150652322
0.99846686522599,-2.88088994802186,8.83815132938262,-0.43372969872861,1.59626108424388,-0.617944447552329
-4.94638628527063,7.03932769600717,2.25834779771603,1.42239349043627,-0.802969148372545,-0.283720032589702
-0.225916275557932,3.14369652361613,-1.49322698829271,-0.779322203587971,3.94082997159052,5.84831970631226
1.65534477744631,4.41234203434092,-5.57291121496223,1.05573293952781,-3.35188717894041,0.90477956525708
2.16251894086917,-1.14131481663877,3.06546824896915,6.23812128498535,3.04289274523335,-1.08692184642036
6.34183698743516,3.13858149542706,-4.19363793715183,0.295981237669406,-1.16009699817219,-0.167016203850464
-6.15161525472005,-2.60320910162675,-2.57757384549231,-1.63736639264608,-4.48177686539622,-0.239945278575119
0.515373586012165,3.35712929166653,-7.62909183893643,1.12093240134607,-2.05962977354401,-1.89198258118851
6.95479021319104,-3.90039738493956,1.77362319232177,1.96342714535271,-0.643875579051262,-2.94468577692198
-3.30042956048514,1.5417955066391,4.42666978403801,-0.692330753579044,0.245669056897975,5.90734083773572
13.9984471303475,1.67060867348036,3.58544088159116,8.50911330860952,-4.69020330576794,9.5420263946233
3.22597383507935,-7.57569172681839,-2.30493660672261,1.75766924705823,0.655364571831152,-2.38674176597344
-6.47326729284341,1.81553689395112,-3.9053976801257,-3.14939364257874,1.93973499586995,-0.414001966648324
-3.58249457283108,-1.22967960369265,-0.326875515227362,-5.75918112086544,-0.653639512663433,-3.81411942995166
1.50762877746378,2.42128327716233,1.11747039172447,0.583737330337667,1.66728657237797,7.29408339249272
3.91979556536283,1.0287821745171,2.50014162026848,5.24782428023644,1.15954175269128,4.6392981810529
0.495273225669351,3.16924065748013,-6.23337576717213,1.6674554017039,5.03731449272559,1.01530735654795
-2.28188115018601,5.87004188404815,-0.371338272698406,-3.99261401324735,-2.9332502441387,2.88591680517795
-0.221571770636282,-5.75350941582685,4.2781409892708,2.64666344721313,1.25000990639353,-6.2890789784808
2.59149972062139,1.15684459366189,5.96546867613203,4.82258008787774,-4.10816276988269,0.0355111197423257
-0.8977301137665,2.16465143568698,-3.45337013751726,-2.26482962641259,-5.18429353397576,-5.13588828656844
-2.60041700570023,-0.651838164296411,3.00281690118488,1.11536814423959,-6.26306312382456,3.47682105609785
-3.56690683204594,0.484442654655725,-6.67819872153831,2.70918754505651,1.73720618006628,-1.92040762161033
-0.0283146481836748,-4.27753354869365,-4.6068888989612,-2.7176205374283,-5.2855624003944,2.98295801345341
-6.2687666058914,-2.3216727211457,3.73690039790008,-2.60593447632671,1.42091810928986,1.08073974211879
-3.80572122481846,2.72694917718569,-5.27290070971165,1.03206593417229,4.63350741689745,0.402565456754712
-4.6659584002627,3.01384500274043,-2.26897289543346,0.452867696846191,5.69656494617784,1.3088812959034
4.21684592874528,2.59543884614166,6.29186600497862,-4.78049188778759,0.702736222939426,-1.9900895936386
0.185155361593012,-0.39870812280097,4.29125290566576,-7.04345021044193,-0.275367302262716,2.89375204330784
5.06323725334816,3.86352284950611,-0.37211763917629,-5.52840003961788,0.791328549632141,-0.445753804161605
-4.85128103142467,1.34407399653197,0.456353494245818,-1.76756687249557,2.9241165725338,5.77901908401606
5.22160272950973,-0.541404070450942,6.59946338909304,-0.569483092667068,1.18397368079355,-2.74363786539564
0.489751106609786,-5.93288159980587,3.55280763009119,1.17426499842261,-4.12827796263519,-5.02241905286909
3.8278995055375,-5.50923632135005,-4.53029670893084,1.4929397356846,-2.41978518887267,-0.866304767020487
-4.07182599941448,-5.4429178909169,-3.14632949048795,4.0789445729756,0.118722237104166,3.74369620939449
-2.23342138086528,5.80373658413821,5.00988348999353,-1.30058536104162,-2.86345966659237,1.25464715018163
2.75572137334727,4.65296282095183,4.4563766712098,1.28235802570546,-3.18128415131799,-2.85809872895893
3.82391353551557,1.27320043289381,4.25362941430742,4.36469665337555,-2.53398201549605,2.07476687511605
-1.02466423864578,-7.76054697425909,1.96124695877535,-2.67853705844326,-1.78442141124592,-0.946437610368108
-0.763298397930466,-3.56522190019568,-0.721353765397263,-7.22006782328024,4.84597365461807,0.342254638942344
2.38430802974023,-1.12823228422152,6.95672337606654,-2.2210003358754,3.62689291079116,-1.85967358927087
-3.96761487109451,-3.79536745133627,3.89471266650593,4.90901148112285,0.827011371780692,-1.00749415671357
3.93658885817891,-0.218996713852085,-2.71653585634361,3.08827959888111,-0.982135060261633,6.66350542594763
-5.23620670017255,-2.28292325904359,0.257125044851843,-1.72944680019169,-2.55616462548153,5.74839127820919
4.48384120776196,3.76121984813611,3.59451719340452,-5.32972403370336,2.49299290558419,1.42081879450951
2.00194285398634,-1.18645729108011,4.59866630992034,-4.09055528700066,-3.33104356834333,4.13855320881949
1.02039969756331,3.7682224323945,-3.32456170682588,-4.58718107029955,-5.56763569910519,3.05967422809364
-1.49177215021621,2.55901852501104,-5.68984190761349,4.63696326671923,-3.35606071006427,1.15743944875407
-2.74753745478744,0.382238004945616,-4.54209155611703,-2.34561303638657,-0.9281652963971,-5.47178333874693
0.112007735130338,0.40666461406597,-5.45405881514872,-2.02977766778612,-2.61733330050111,6.03913475581329
2.84672325665253,-2.12838255979702,-5.59193319286151,-1.13994141685947,-2.96016331453811,-5.03488047345427
-5.28136156129223,-3.17002370350645,-1.39712790764269,-4.95948900263246,-0.990144054335211,-0.898167717079233
4.57423658325344,2.6339858593806,0.727193879157691,-6.08447527966426,-0.233931671230446,3.44373067287426
2.9699939352013,7.45342828814316,-1.64698500394206,3.0323673061927,1.7416875576239,1.78613176455834
-1.41474388366848,5.65204451691669,1.22127422443788,3.13826230599801,5.35623099229493,-4.39366161000994
1.97526825434633,1.15694444875104,-7.33684632963831,1.52528148840116,2.62878296005219,-1.11960383055667
-6.3142944618364,-3.01088012028403,-0.12605062620747,4.63953844668173,-1.89163877901912,-0.531288748605803
-2.80775404830969,1.02457729647724,-2.24536045634431,2.57383062058045,2.44220833042281,-7.02736633149681
-4.38369574509015,-1.71759162961433,-1.65703814578111,6.55576934314568,-1.55430245137362,-2.93840558601426
2.92730671357023,-4.8111609032522,4.2814096264991,-4.7741843618638,-1.59087145616674,-1.86474836604066
-2.78445946101533,3.89558666466816,3.34331663479687,0.132706239314913,-6.3636264762282,0.700601381348716
2.57848573512644,2.53635575458658,3.20645780689822,3.72811253414573,5.7521354336466,1.02640885814825
-3.45004560532635,3.94543696307472,2.50446075077714,1.14013329018011,-4.41847541409166,3.86960602563374
2.63658845402313,-3.32886000702679,1.67916409158778,-0.58607587394815,-5.21376733404834,-5.55593179528367
5.99855889481629,3.22287492076306,-0.367033884814391,4.05885998964881,-1.38150628921378,0.602712796134272
1.70616302483956,7.04528172914223,1.68288895908216,-0.925566731511945,1.65127973150655,-2.61600124625005
-2.27375809911587,-5.84050317766051,-3.25286400100575,-0.762889004326697,-5.32392663048138,-0.511783226573267
-1.27661800681118,6.11966770128393,3.6722422877473,-0.410158127375743,0.659472436301752,-3.93914487236898
-2.31488846787466,-0.976731760246484,-5.5400256313976,-4.74992999194203,2.3145322721013,-1.38307217901682
7.22946299702544,2.20188849969753,-0.936526448628559,-3.60681998240231,-2.07567899297169,1.14771752393835
3.96278718687912,4.39515817700769,4.31415838567816,1.76495412898396,0.948587930057932,-1.92752511896542
-3.22388186590451,-0.378704076580008,0.334615600482271,-2.43593040152863,-6.98866295769113,-2.40345062862577
-1.48625913603998,-3.43622194729033,4.23535937653208,-6.08163597440556,1.69667335214322,2.11620344438339
1.46033396890667,-2.50284960439955,-1.19979539436458,-8.01852339585,4.13164575990379,-3.76802816782894
-3.94804919972486,3.42661423789867,0.00491815189179596,-4.96208957443802,-3.25718938681374,-2.74837073141299
-2.01527552756949,-4.19456631075625,-2.07804677948888,7.97739505075171,-1.74026991102462,0.134492301772596
10.4008707152535,4.98320514900246,-0.415451792503533,-4.94286168581032,3.20662521144887,-9.26350382292378
-1.26106763746532,-2.37084840056554,2.52879287860933,4.63248678088597,6.68187348671056,0.434367791316984
-5.11324058913385,-2.61905443104314,3.03588665747633,-0.887111916355679,2.71405740584843,-3.62255665245374
-3.5851322661793,1.17754736540493,-0.240118905451785,-2.86659322118042,-2.3829130027042,-6.15485149718534
-1.07415611769306,-6.78276662121665,0.420218861362552,2.45146149369542,-4.33515502783411,-2.5212369087705
-6.69965134280636,-3.37369946503994,0.0476679196264121,1.68598806091552,2.67368410654915,-3.18809532984843
2.32896827522176,3.7941311533322,1.57098856717088,3.67287795207058,-3.79600589271623,4.56988177790654
-5.42897242703189,-1.63144029808451,4.34937522131698,1.16235019239137,1.47730782591441,4.04581978510647
4.74768572918832,3.94273162763835,4.85651620607054,-1.92892926350871,2.57069392876103,3.45785071450646
1.32053873137061,-4.24759583396537,6.50689767978801,-2.5967355468185,1.68894742412934,-2.30696698209044
1.67645879181598,-5.39353864322532,-2.95664933406383,-0.869606175044012,-5.46668701569427,-1.9770387450168
2.55716163316803,-4.1183658453124,2.66087316734679,1.52037400744137,-6.93142292344885,-1.91535767375919
-0.445515530585242,3.74861258499399,5.32222523598155,0.871879045421756,1.65071567961461,-4.93221391117342
2.44524188524218,0.648816645170185,-3.56697176442109,3.90260605427544,4.52417717508436,-3.09333867181288
-2.412602324385,3.58118832740817,-5.42511660504595,-2.73132173771146,-3.24225245767604,1.43236837997184
-0.832375833011448,5.60695080592738,1.97794344033483,-5.30278399042324,0.722094370977319,-0.356083230132427
-1.54014831206756,5.56860231949435,-3.14543831719745,-1.92957690012047,-0.899547797288277,-3.94899652779994
0.0646778448371012,-3.45153124729667,7.58085931150343,-0.764004811426245,5.22906961847154,0.429684573185291
-4.40615657412833,1.45286245762086,1.80313770293219,-4.38365936181277,-0.59574057850296,4.90309441232359
-0.0589257902590042,1.01473157754219,0.415806837767177,-3.53741163823572,0.116929558200756,-7.40521642250769
-6.03555242026024,0.713185257151574,3.85289390118403,-1.39653537561743,-1.80700293002715,3.43714140590722
3.08052402025688,-4.20520197843336,-6.15151459403775,2.36271576332559,0.99770186199451,-5.17586094069196
4.22767481650047,-4.45585719899051,3.03823794942386,3.85732828655524,0.206663767569711,-5.50173305971465
-1.52766157827608,1.1167718296451,-2.35483842763285,1.34621898400741,-1.14963426606122,7.61188356148715
-6.9985612093145,-3.78098994963194,0.744094574755614,0.0340056124701217,-2.02859522228917,1.68474663716606
0.0431399506757861,-0.871811147869472,1.37032399853341,-0.656667087826481,8.56553464230389,0.521703212864343
-6.45886605238072,2.41571823852744,3.0209663614372,1.76299594068595,1.98198570113091,-2.53502795320374
3.5888057648747,5.53594509396059,3.52399505985124,3.97672605320716,-2.41752865952792,-1.24567352326253
-1.36091740541628,3.42746259539795,-1.24863741338872,6.78772168335578,-3.61020002376071,2.23209231540409
0.613464761661709,1.70239675314638,-0.837550180109686,-2.20232648707333,-6.89677616684282,3.89831172459969
-0.337793001823861,-5.96798049007846,3.22740885820278,0.185506853280844,-5.10464127157358,1.49780852413137
0.133998126184062,-2.36127020045802,5.83796877939314,-1.11674826394723,1.73392682532946,5.60208197951994
-0.161056320725461,3.78948759864,-2.73086779277328,5.40306724103457,3.2916974889646,-3.35603512834748
-3.19013588673846,2.71724506728697,2.28920781794879,-0.328355646134731,4.54033302645798,6.18918602702715
8.38741763593661,-1.17121830418942,-2.45743690416635,2.34359841868712,-0.505790702142162,-0.316473862616404
-3.85827911784361,-3.23841868435136,4.66584626982395,2.22490698373437,3.82921862782678,-1.80718931876689
4.33919780450659,4.74424356086635,-2.78114098897012,-1.53036890617082,2.91521759832924,-2.27841320218156
-3.63914281021315,1.39172983989582,1.24501146104925,6.009749188196,-5.26515688016484,0.180437300416432
13.0569562100685,3.43045732970311,5.62690929586268,-2.05648299289577,-4.68123172082969,-9.2857650695905
-4.27507692774042,-0.108651975730771,-2.43460871451895,-0.195471190831552,-6.93966243030354,-0.095716749373774
-0.52837717204149,4.79471670600991,2.59471414211005,-2.7658258653416,-5.17712964269136,-1.92646650915971
2.5273221481264,-2.49483080225337,-5.72044548169945,1.14293756125579,-5.01430026813364,4.62463327087745
1.67149113914292,3.08595652346703,0.363700902737918,-4.35624058828828,-2.98458472780819,-4.16388346265752
2.46946093390628,-1.56158517014084,-0.0970322166292532,-7.59079540709462,-1.91968321150476,2.81312323114173
2.32570711834849,3.48403011512729,1.44670338178494,4.58466827552821,-4.98723649429574,-1.72844385461232
-4.68370050176529,4.7047980366353,-4.86038768737186,-1.50300208343049,-1.99740221967565,0.846052695380445
1.9775563306325,-2.96243986999119,1.74404969718379,5.12055341787936,-1.49981930663733,5.8664644740417
-0.80557419541801,2.67333509695604,-4.4474800974452,5.44269058853537,-0.182352441713491,-2.72489337538356
-7.37133464722537,0.0414554555958914,0.31982652819667,-0.9310355073094,1.06441074436016,2.97017877510846
1.30061717624248,-7.4355310616493,0.776033206641278,-0.693030390933079,1.30772272245133,4.35806504540495
-4.9964194820645,5.00329484511648,2.1505168739551,-0.897640304383272,4.06509314333679,-0.898385876293131
0.455686036366568,4.85395994818531,1.15051246030887,6.34298135516866,-0.818762322478651,2.19914580132107
11.3196189200803,10.3408967990873,1.90148315323207,-3.20213810046624,-1.74975752041397,1.61503571017617
0.0638406990550857,-2.43457950766005,1.09745280934219,3.07880679217478,-1.51149392389041,7.8013533724456
8.52924879849819,1.27782983941701,-2.22376303568143,-2.75397299316764,1.79292427822826,6.9518734940305
-1.19120277487515,1.08127048350836,-6.35751753387851,-2.8160349027314,-4.08004111388651,-0.0939883049070045
