-1.14540588117819,5.06873378224289,0.175947297999825,0.704877659058606,-4.8827459252085,-2.82717626697212,-3.2723422578861
0.481604430235176,-2.79873798619155,2.40371763012913,6.33988239688021,5.47116262553271,-0.259614113977416,1.57140035429575
-2.08397628734659,-8.35228253590419,-0.422749847237935,3.38123295891893,-2.94551245536173,-0.683551746185652,0.172800947235411
-4.95434428220771,-1.85001790621762,3.98355712048875,-2.73374929312893,2.68261014275233,4.38798440166112,1.31175797306342
0.792899374361813,2.31154996993699,2.26051405544121,-3.32073020493244,-4.91376610995513,-4.65749057315716,-0.536814833543494
-0.859755823318592,-3.51175250233563,-3.7674234949215,-5.25070426097622,-3.85223296133245,2.38531875393397,2.35194220304461
-3.13316489048187,-2.81788236387283,1.91686672389085,-1.31007432636694,5.80438612829385,3.35373958796706,-3.33201827289969
-1.69320577702599,3.70222299727851,-1.06687215652775,-2.53754733600817,2.07136520987768,1.57020464680429,7.05724111997881
5.45273120529415,-2.34953463161396,5.90161929582239,-1.59433506301651,0.989649652125508,1.78649417169714,2.81400055142983
0.268633194554318,0.25802865229255,-5.8771911368628,2.52258000914912,1.82065933615844,-5.00703837910578,-3.05226546565605
0.932000710027231,-4.13703758047666,-2.66498629924902,6.0407958783943,3.1348780864759,-2.82577659336501,2.13127047832473
1.98173403203937,-3.68563502921736,4.11486148722111,-3.11208855231145,-1.28702748711492,0.12154784422135,6.33556820924476
3.61912999698842,-0.8364640991739,2.48405004321895,5.03176917697315,2.56001476261658,4.73789233025725,2.26368439913208
-1.01159213130887,2.06511145448666,4.23895160180163,1.08543066988764,-1.05998944617467,-2.54806656219644,-6.21208828997697
5.92763859962515,-2.22477286075462,2.95908174572459,3.99800817948502,-2.23036416645329,1.56263521750347,-3.72262560549095
1.83594601426884,-5.85578201773503,3.45066475931166,-1.634859533298,1.40375748947266,3.19438181339601,3.70797650044691
3.92468589743665,2.00764247930381,4.33067933566168,-2.1037445530035,3.68607783841976,-0.232071435541857,3.81812639697332
1.99504815896578,-1.94938882546932,-3.89844346285217,-2.42355658114045,-1.09461931746744,1.60857781955109,7.07940320047625
-5.31387484777474,0.207484777256763,4.52477423853154,-1.48838413554216,-3.44654627011176,-0.824011784812715,-0.593685305053268
9.29634095126988,7.37977167476412,-7.90923856877423,0.667004792538229,-2.4096040911827,-7.39608430848755,1.41382240261099
-3.26263062228534,5.58882555693309,2.88835805698347,0.692490259146814,2.4387430595692,1.37686220474047,-1.94836355953537
2.03088765778887,5.13093216240822,1.15518859214808,-1.27162299700091,5.28467326060004,0.149254473766516,0.893347427610447
1.89319576142832,-2.74289569830773,4.66056264358728,2.7069313682018,-3.7793146246554,-5.12232150749069,2.53000143779615
2.31618263810108,1.4016385616954,2.46317701832978,1.54873591865648,5.0563948414939,6.32978459347624,-1.7323144454019
6.22249469334332,-1.94820500728145,0.514427187003354,-1.84912640670546,0.473147362842986,-0.705203545282505,-7.36469951243159
-3.03072528221359,1.70160361848587,-4.80844358331892,1.01050251409159,-3.31289382271732,2.53380666942362,4.02793367566905
-2.1491620463172,4.3050331185601,-4.62936688427921,3.03733001247227,1.43452001729255,3.28040937613041,3.64159659223194
-3.65934747271313,-0.981280240015201,-0.501053561773495,0.459571337785336,-4.01849349846556,3.42882633905546,4.77361407217409
-4.48857091129853,-1.3320515021535,-3.5673213825763,4.18613810238955,0.306579170439005,-4.23875513803286,3.76903121102137
0.514433556544935,1.14878461402527,-7.64964161274108,-4.58058382226412,-0.30353902340219,0.344616151366503,1.73192241302707
-3.68614568424384,-2.53051755869166,-6.22893229615336,2.48129604870604,2.42712164120792,1.33975281486523,-0.507967608265221
3.19753013941718,-4.24837371644121,0.968668620556366,3.0305533944163,-5.45665985604864,-1.90587291902733,4.15658187757279
3.55529222759554,-0.437477872714053,1.8739702418402,-5.41672338807785,-3.65334710800699,2.89857704627415,4.63647385169167
-1.45198689478246,6.0399305894586,1.08638184680131,2.06430513013083,-1.66102774675479,-5.50967237247357,1.51704033240843
-4.36902149336098,-0.57048011396233,-0.361276562865935,5.43196275117902,-0.0673875394397138,4.75051237355891,-1.73739245907057
3.6103806750667,-3.7371532175172,1.5034835665021,-2.30073437491425,-1.45550629870171,-6.6477188804162,3.79403655673178
0.94260353988388,-2.17776435614194,2.66513851011173,-7.43784820490042,2.05520395487029,3.56762230601736,1.6983665180486
-0.661080115412935,-2.0524136823112,2.55887461941448,-0.437586895719822,0.361065736778733,7.81924225278181,-0.643713613114792
2.99329846271835,-3.0408139621417,-2.33054719737527,-1.64934051009027,7.08319460731168,-1.15495744612214,3.15804961015257
-4.3310505758911,5.17338936534666,0.232952917515021,-1.47772821717618,3.43793106433094,-2.08449559328694,3.10287298397561
3.05783634823642,-1.8383496838662,-6.42587235909357,-2.08041422095293,1.11546637945612,-3.73205088639635,-2.04600546391371
-0.163911846711345,-6.47503606985274,0.136289893987808,0.81107673203159,2.29366522015214,-5.59971089178185,1.41036175294385
-0.952031077605038,1.81761181553949,5.57442528528629,-1.54050953254971,-0.962353266729495,-5.04830950985949,-2.45501583497149
2.98829487621878,3.50409460384325,-0.762202475121256,1.85334307257617,1.00970824047911,5.48275989655313,-3.60587796025902
4.84211681448646,-0.23312570517857,-2.76905023041871,-5.93007987055457,-3.01494834107105,0.159051910835168,2.39490266714544
1.40886695462577,3.75790129093954,0.526959156823343,4.83764451071663,-0.253304514942226,-2.77469113892274,-5.16404456639544
-0.774748676154289,-5.68928599535046,2.05736497646751,-2.14680517883723,-4.26573303903285,2.18044512363769,4.26609614152245
-2.16600799137315,-0.633241246924915,-0.555387715571152,-0.639690825162511,-1.16693605862638,-4.2662304029734,6.27346508739853
-2.1959518755204,-1.78479843533891,4.14836323439427,0.49038518831808,5.61215590866273,-4.0721607172375,0.263903567211569
4.48857591803385,-5.73980351047967,2.71848034195822,-1.19359744729541,-0.68283510198102,3.81703353608887,-2.35382120626321
-1.74820009130331,4.15145331670784,1.14210565630836,3.05037562599754,3.75656093352918,5.66950509960373,1.67152890460271
-1.63378272837718,0.203374344826509,-3.49642483036242,-0.582323498586178,-7.95044406078476,0.944832493684351,-0.443318310738296
-1.60388347206801,-0.644684212219991,5.13603678812569,-5.30314780062552,3.54103830124125,1.2681294180278,2.43759409641516
1.13806493650463,-2.58731279693765,1.84264495459623,7.8962539163529,-0.203117771196991,-2.60062832347178,0.777908541117655
1.54149559301962,-6.10484587759635,-1.24605124636579,3.92919944346951,-5.2541338978813,2.18142390134093,-1.67161034347995
-1.16860644421297,2.26336846432415,0.577462677821362,-0.295762048886652,6.94762872617877,1.14155896297228,2.3820733705366
-0.471550525848742,-1.38693136886078,4.14476279929469,5.55517697660657,1.93532681968414,0.409207160467497,5.8992644836593
-1.8603107440077,-1.89270296790664,-3.79176376484316,3.22083530039296,3.39747027935608,-3.77495825586463,-2.43831556203613
4.25058940965693,1.23832556697331,-4.27020109989466,-0.916028995973736,-0.455821587709646,5.40536522069205,4.09875886934979
2.77787267195041,-5.49600209714849,1.7383519294317,-1.40785094405568,3.34393744502675,3.15665378404269,-3.4579430905243
-4.34134046579939,5.6170495376974,2.10885023620269,-1.75825689616923,-1.26101994495157,2.28996712592232,-3.54909724989919
2.51540669125638,-5.64979078939969,-3.76171709816833,4.87586031249392,0.933438361398033,-3.00169070827815,-1.629545734114
-2.12255570463778,1.64992161144402,2.81932251397253,-4.12000836101524,-4.44906961399114,3.67330735815663,-1.34916438823132
-1.46532233466175,-1.14490970552752,-2.27838981087116,-0.00875265637859853,5.39454246624627,-6.16819813667841,1.95795897288626
-0.405918216649536,0.500091486840834,6.91716066479035,-2.9181995341064,2.35040975770035,0.493805479351034,-2.60079925318351
-3.19214724772455,-5.93606770112086,-0.880641668728994,2.13889952156483,2.66591894734196,2.12460816310725,3.56296207533197
3.56405888191929,-3.39418422034718,2.00417242203097,-2.73274445856565,1.95263212471933,-5.75634174685347,-0.0875847786434893
3.60229416914132,4.71201961173218,0.52515622104567,-1.63833476785147,-3.0028685641795,-3.8363698973515,0.861171884503276
-3.21071684122052,-2.45909210597611,0.476028779019498,-1.2305963397548,2.33262706385232,1.32047001764901,-6.53289114372621
0.288499396686125,-5.95191167654635,-0.427387136475789,-1.64029305929599,-1.08724424580133,-2.27642623726924,-5.7136799057986
0.595223078408861,0.742591841212987,3.16251518559242,-0.624489942475575,-3.38652341431565,-5.85314959913409,3.49009451707289
1.86321183084889,-2.33872560933832,4.86002779182887,-5.10053893754174,-3.983169271427,2.13357675580346,-0.829568195000835
-1.13654418271302,0.393046109679386,4.89198358561273,-1.90470708444665,-3.3125168925892,4.40875837960741,2.78208193769116
-4.92787283078239,5.42418440097297,-2.1785800693686,-1.98241837568771,-2.42107283683508,-1.95226420622327,0.465376710083445
-4.25583352890368,-0.508369515098805,3.96055268844623,2.59029959305904,0.913232482660593,3.30191321267132,4.33476567973326
4.85254954196002,-0.0964524303193195,-3.09399980559422,-3.2597112807273,5.38450592672234,-0.991954179296796,-1.60675496736655
0.218256391354823,0.771861961658127,5.93674853376078,1.36740328293373,-1.27243805419216,1.18230769440316,5.54614440352095
7.05618640650839,-2.76190461334747,0.91405583021199,3.26923027266625,3.74801660478277,-0.626476956404576,-3.39149487290589
1.79672152197842,-3.2428832178169,-4.63126824384314,-1.17058663087447,5.7817754017315,0.680263330043815,-3.55212894590947
3.60680878913137,-0.353045933788709,4.32758305904065,-5.16357852038639,4.68005206661324,1.94918307973836,1.01890158036245
2.58173475299121,1.50382513596824,0.685131381753866,2.53139622500975,-1.14369853061445,6.69832827010358,0.825868531002331
1.80748281920719,1.56137567825748,4.05393857028507,-0.263242329022739,-2.62121282542218,6.83056337392055,-0.440382175386442
-6.64900346866667,-1.47057900059467,3.84613979295901,0.486081369701462,-0.187786486276727,-1.96634338289693,1.14194684455779
-1.76272545223766,-0.905097290511693,0.697625811156672,-4.78119762331514,-2.70435321954176,-4.90140394831597,-3.86142045940556
-2.40094107862356,3.09180679875233,3.24563254424916,0.192058526908226,-3.98330284151475,-3.98161135388663,2.48068373286398
-1.29986880494317,0.851920034013449,5.2988386012869,-0.889775411421979,5.47483891161325,3.7140313445663,0.746372399509267
-4.8236215553424,-2.69845591683511,0.292872732281353,-2.25201753186053,3.99745197140038,4.22254992407513,-1.5208410981492
-5.98556642184801,-1.45846461439479,1.45870722731309,-1.44994340233204,2.0424033073171,-2.89162290849143,3.48741440979478
-3.82637199328006,-3.50657161318851,-1.32097806523228,-3.16197305388489,1.54454963070586,-5.77405707771661,0.152681708845989
0.873997727510241,-3.86262569263481,-6.27112201357833,-1.45632256730929,5.09624533212028,0.758622145229346,1.45170901494086
-0.246486450372333,-0.517696628788463,1.11938113440984,-0.325300353775274,-3.773820163585,-1.30559308895877,7.79323426633502
-4.74490008112057,2.87256152781769,1.09146927885497,-4.14571172375818,2.25158008737678,3.29765938830594,2.90385456981997
-0.767351694751635,1.77460739405781,0.114262688644555,2.04488403061001,1.86199120098042,-7.67297804785971,0.0875950531931715
-0.0669619104390149,-0.600297139415285,-1.78674184492364,5.82268499972584,2.84967313820952,0.216498106838269,-4.84275382044447
2.38963684673525,5.80307288501485,0.59202643639722,0.868089335950686,-0.576337091518537,0.0655507541731811,-5.25976596187826
2.45445801746437,0.160807363661929,-6.66059017033154,-4.37413654519786,-3.52414615428743,1.39957200043107,-2.93151893321032
1.16613616892342,-4.32919114052549,3.48242821571404,-3.61829560081486,0.989878015298654,-2.52989886058739,-4.62135321319456
1.95433979431869,3.57199297910022,-3.69521856648506,6.83213318194234,0.13350504676496,-0.661150803876906,-0.948742288901244
-4.3048109361476,2.64707726841949,-4.52448577828256,-4.32719498485035,-0.403601653195034,0.627058427051567,1.43093006123885
-3.32737175197332,2.861597964376,4.44282553635808,2.79643386359703,-0.634342284965267,-1.97498305722441,4.8350127309759
-3.28688114781221,-1.45665462383119,6.45875862113278,0.0429695882997828,-0.274502544826783,3.35176587228704,-2.19013304410956
2.75423212917115,-5.16526707551677,-1.40738960737664,1.50906314449969,-4.77428449906505,2.15708513184314,3.08080717025953
0.511581636492199,3.98774806847956,2.4686632296276,-2.06854556455533,-3.33231660264089,0.707376191741271,-6.0594365406533
2.09286163239185,-0.491663350367636,3.07438740786598,6.55144722292567,-2.63477513448812,0.851983350122364,4.62186183009108
1.04001886522976,-4.09163673205439,3.23499050158567,-1.64397076720257,-5.43452957792638,3.51635984225723,-0.693713676904086
14.2017379599874,0.547338183670332,-4.39530679416243,10.0012906115309,2.78465518737156,7.06974650599831,-4.02966714915541
4.16475117364501,1.6297213789937,-0.803515974053701,2.55801757502379,-5.47843608913576,1.75656523969035,-2.9454680473144
3.5221718690503,-2.48538140003347,0.89015000271369,1.52904469922916,-4.99057858503884,1.0900795499635,-5.85724963397162
-3.53154566822853,-2.37127145707738,-0.54962465144637,-0.612732339336905,4.97114544616549,-6.11075393368783,-1.12051661034643
-0.29354972986878,4.32028174658036,2.56846198894185,-1.57213234259833,1.76478309051433,3.25768886182062,-5.76104992049352
-3.53609283275366,-0.84594667915988,0.924432806278405,-6.02393931983961,0.423322923101549,0.86473754536365,4.30917815358848
-1.49830188400161,-0.788076204052062,1.48740994067975,3.56341968512596,-2.83226272528703,6.72309291068299,3.11543615523516
-3.00087702210531,-3.49188485996132,0.609609213136274,2.90727854647085,-3.55831601967282,-5.61864696193771,1.11797451603054
4.35688012208995,0.990235323655664,2.05616878924808,-5.8475322151985,2.84347958420506,3.05242066647918,-2.6697350618729
2.34622127297372,-5.07682911365455,0.211182508740284,2.3346035509332,3.23194623017949,1.44608956531706,-6.91379029496601
2.59589346035281,-3.00438329818603,-1.5256752192139,5.794885990241,0.346416909099432,5.4008913215484,3.34933434706371
4.25009762719223,-5.11823209445803,3.53377867627567,-1.26476381168612,7.41485026414741,-0.256280309381228,-1.05623832799723
1.25459660211152,-2.29180194427699,8.75877830616861,0.248072179790818,0.910775660737652,-1.39227347228316,2.49781207781583
3.48346696835632,-1.32476904996829,5.34394800648625,3.14291989995937,0.660036860040499,4.14339469653026,3.62260050133312
2.86784923751243,-2.97745280214203,2.72783071194389,-3.045716628217,-3.69398201946811,-0.00361447217663876,-6.07043130922407
4.16117175000306,6.55921154958663,1.43547092052815,-0.247620532340916,1.56036274884301,1.95451240025935,4.01336839611222
-0.574384724569386,-3.69212926179298,2.01878368938067,7.44683817833492,-1.27637492007366,1.9284891312494,-1.37850479726081
2.84823050651888,0.123053888225245,5.69083380014317,-4.09459370178603,4.28100545653131,-0.436941267902834,-4.18200217466742
-3.24720472367264,2.4693018897652,-0.499373062926736,-6.2620020905472,-0.480290648904519,-3.47008891885168,0.513964632679284
-2.45199983816322,-2.09233162682058,1.5609788456748,-1.28757132000133,1.03631782608616,5.70930551373542,-5.68906296226739
-0.0613888758200954,2.13273095843047,-3.32938182726713,0.578246964046619,1.71136451673388,-5.61430770596003,4.11114081633935
-4.40088516649106,-1.15448194605691,-0.702579596464259,-0.5346439321276,5.67980379222823,-2.25164018777692,-3.3484086805046
-1.22865435305698,4.92422193239477,-0.394990072491289,-2.25587794114008,-5.04619666567706,-1.52056838138406,4.5151906919829
14.502058674619,3.39507900567816,2.55095945907628,0.995179880345872,-2.77154910491068,-4.41707525011322,-1.1994947934008
5.36782861597419,5.47783262203971,0.90328168996501,2.48265122348973,0.212794222238167,3.98036600737693,-1.87581136026955
7.66590486983579,-1.75942476708592,-2.68882054956295,7.64638885778123,-5.72161991590835,-2.918259260072,-2.42973865264707
-1.73732835573707,0.25490625351696,-3.2288788512205,5.55037090400206,3.62522870193234,4.72068901338148,1.80660835072636
-5.23715625189181,-0.482106505067397,3.49197065597941,3.55152753719164,-2.08058685693063,-2.98314865698594,-2.82025829295467
-0.659775279140134,-2.5872234621517,-1.01056084018286,1.35841254540702,-1.63221952627376,6.36863625933632,-3.63777329026973
-5.47775228659101,3.70201535678361,1.99064530352495,2.60201045689987,-0.144451523703033,-1.45623696776035,-2.66537200336916
-2.06529288938421,-0.25791349727301,-1.13360595291749,5.08447886350671,-1.79709756059743,6.2661979811521,-3.2516159990703
-6.18580412612844,-2.24913399569306,0.833677218296644,1.6698205147803,-3.17424484706436,1.57105130028166,-3.59294951156302
-0.256552599781281,1.11680334854727,-0.00070172415554205,1.19179410122557,-0.284556067097915,7.58250144970105,3.96015390349456
3.33873341413519,-3.75972731993883,2.91867320095415,3.1191289190237,3.98419300178764,-5.97800574413362,2.32929695104956
-0.762664078097221,-6.43264573860854,2.75405064685815,-3.78114579132255,-1.25210864541157,1.74716898118996,-3.95138862689552
2.44282907563924,-2.78701109433545,0.683251015230259,8.36459593013701,1.77703722284354,1.731300973421,1.17264774966022
3.00047193945882,-0.555635263202573,-6.05332381884679,-4.1914825403802,-2.93601623924704,-2.67610650850174,0.450056521955047
3.29641376619403,-1.91275160774989,-4.95530926110433,-2.27779263697798,-3.50055526051317,-3.7122145834661,4.39585269584859
5.83948543291781,2.94823535302023,-5.78628641105174,-1.67048147106985,-0.689348890563792,1.17981341584435,0.106135710073433
0.233814805368132,-2.95389908405118,-5.32067527924786,-5.37729912102002,2.21746930719011,-3.68763924003898,-0.619678324829996
4.52846407326767,-3.74245584252173,6.31530102471429,3.44385789565081,3.16664040680206,4.42951402276961,-2.98857585885338
1.08902487974865,1.16587607053197,-3.7933036189768,-1.54070019536339,-4.6535910905948,-3.72794972339289,-4.12330172083464
-0.357026761350723,-4.48981527849616,-2.18301429979029,-6.04212334067144,2.90104697256381,2.82765855154447,-2.94388408890595
-3.74852280012331,1.83668863149665,1.57301658736901,4.34062085036586,1.34151901611474,2.30985459447128,4.91706176843285
1.04330779069704,-5.8715210410891,1.11783090396945,-3.10299688913365,4.0211043116324,-3.24601212476696,-1.20955185866878
-2.02042518133015,2.44752449628129,-5.48363093160747,4.45531310464244,2.67241660988845,-0.283977654186438,-2.7065593691151
-3.1664700802123,0.183206063430422,1.17271916796204,5.24961219744063,-1.35125139151951,-5.31241345995584,-1.05812134619983
-1.86159200218055,-2.166805631747,-7.7800353130522,-3.45031237176722,1.79478707208336,0.609354333898245,0.326478921647415
-2.84058587533168,7.7154612436256,-1.45094440059109,3.05451633587147,0.386041527318017,-0.32738725589318,-0.423365381438225
-0.353680230502559,-0.244709952477289,-0.190827879385802,0.280181117503576,-7.59965815647359,3.64715656426061,1.92285643069113
0.0209867751932181,-2.46982606537536,-2.38171083266573,-7.26612412635573,-2.49417433926012,-2.6382573032982,2.99982089233259
0.330112529445754,-4.77591613429127,-5.12933766538744,-1.99823700425513,4.46169166864284,3.76208043091816,-1.22339258440662
0.0915127605336301,6.50273116402765,-4.12226861947463,0.0949761205776,0.176391917890028,-0.77132408643542,2.15947740679415
-2.83727324793295,-0.440849456042998,-1.86291004191315,-2.33609231383171,2.21186642171561,-4.00266724317412,-5.58664118192687
-1.34171509843397,-1.51531152370472,-0.570392253676325,5.71851022870527,2.74946311832511,-6.35511215050332,0.807707115337032
-1.06368330615433,-4.1311985531181,-3.10961127748806,5.29699021871331,2.96857365643402,1.08124896461799,4.05512788868654
0.654155292582609,-4.2395095332994,3.24328741239668,0.858576736851089,-3.24469060034543,-2.08968986675001,-5.96168510552528
-2.20906722385844,6.55960074858851,0.0794264411604457,4.95039209794326,-1.45474047330058,1.36885072207475,2.46544204882845
-2.38166065322389,-0.139021246360361,-0.215574261386001,1.70596988209932,7.19071938804841,0.572839448175335,-3.47754180035219
-2.32279472990418,1.16497617210384,-0.241561255804655,1.75645641530462,0.0719787792492595,-0.749913186660071,-8.11550699472251
4.03509357782086,-0.292037270588883,4.6878384030714,6.61114506231149,-0.178539689818444,0.520675701558681,1.54049834391861
5.1451776407026,-0.586980056115982,3.25181674460164,-2.93948154345392,-3.98046521626667,1.90283505101109,-3.38827511298945
2.3584501562975,-5.84714237439326,-1.03548920398099,3.06203283580011,4.86564525372686,-0.324491325222207,-2.62648027570795
-3.98190147139776,0.292746926555901,6.73565943263994,0.883827502300601,-0.459090285092735,-2.55670312329515,1.3609341353656
4.30753354601056,-2.40774860703303,1.97895276810382,1.41971734413177,-5.00176237111902,4.39150371061355,1.06102343032803
-2.19222901536035,-6.10312792245901,2.62029663524493,1.24621754285124,-4.5103472226585,-1.89874161283825,-2.80079501254663
4.981053757758,4.63553587658663,-0.481896341615668,2.83171529683748,-1.31354561203583,1.86141900013873,4.00987612728609
4.39375854094655,-3.03319771858583,-2.35034689946788,2.15982617372863,-3.64026419231769,-4.38813565679371,-1.83789338500331
1.61973554776154,2.23601317276636,0.720015319776041,3.06679045831053,-6.16447233277376,-2.83077251963494,2.1456730871831
3.7002592935182,-4.46920049646591,-1.85731433545931,-0.994292759748837,2.38405956387679,6.48219197360215,1.3384085428814
-3.25501276346024,3.97020526111841,-3.95726619336555,3.788842359331,-3.41458408230038,-3.53631435427526,-1.35811031002011
0.573767953530917,-4.98754445121961,-5.09337374818784,-5.78204488589933,1.22588067021249,-1.55106139769579,2.58708060213069
-4.39860833155142,1.41434949476439,2.10767556612246,-5.64568606670505,-3.09066403072994,-0.725115952201512,-0.803912392936996
-6.60097075575065,-2.77555083686105,-0.871703876755173,0.424066831859884,-0.365792059944872,3.48670236807968,2.44859758929143
-4.11871787232608,-2.03665476903287,-1.82215305005146,4.33053281948604,-0.628352147513862,-3.59736227498254,-4.18692037279121
-2.76826168853381,2.13461051197405,0.0653812206997497,6.9817325608942,-1.69902201554733,-3.05814662107327,-2.62158746390426
5.99468835944468,-2.93034027709882,0.898219746628067,4.71952328252917,1.5244132183209,3.69633956245626,-5.23737326664885
5.92368396539157,-2.21317370390209,1.3098803810694,1.40077397056828,4.84447046543401,-4.40295401364536,0.449156940885486
-4.04374373809078,-2.85218225527161,-0.481512680945582,-3.17911398249685,-1.09707979791311,-0.402647457074059,-6.23913243169901
-0.208378771566817,-3.15087141674107,0.33260885617965,8.19255148400567,-2.24091108532607,0.0637911341391031,3.04690356438899
0.148124258634293,-2.16146338942782,-4.99242593505433,-5.70561142902637,3.41647076733242,-0.421116978107086,-3.59960483387346
0.237968132331396,-6.74690834894909,1.54280670753586,4.61476979330693,3.01800606652701,-0.394298672427549,-2.60754940958537
-0.199415486185929,-4.04750002269408,6.21546128240072,-1.06446214644193,-0.741359938650193,-4.2609127693562,-2.25994444338161
3.36432221424141,-1.39759108641874,0.419618911104948,-3.31116528510916,5.16139115516224,1.53629444558009,5.57993619452185
-2.13887395574373,-0.582319080972071,3.58452309370456,2.80807549151218,4.16631703024111,5.91313941805228,-1.2228959082288
-1.61299444977354,0.495972917328639,3.48686030632452,1.40896893689839,-0.642396381339252,3.98018137036883,-5.86093952331155
3.79668522412506,-2.11569260875729,2.04468165934011,2.11833425974813,-1.20547929938442,-6.65743619543895,-3.0631760819104
7.33652821274436,0.483063748377966,1.15675621964343,-4.56049189944336,3.61699140546922,-0.589414727506043,-1.34666724036922
-0.543978734821742,1.32817625888835,4.48624656011529,-3.68766409029546,0.0278119796143551,3.15444465830973,4.69100262512428
4.77209741496292,-2.88901095739626,-6.07622814858965,0.481175718799829,2.46894733186028,-0.671033343195883,-0.752551547410096
0.114362027181617,-0.448392738892352,-1.23926690463501,-1.95546929853124,-4.97575262785267,2.54102877789153,-5.77610839994397
-1.65134262705368,-6.74550711003646,1.8470286192242,-0.745772236775955,2.07695836953043,-1.68039828987419,-3.48295294853355
-2.26015891847891,-1.60576195617271,-0.991121917307688,4.7558974525335,-4.45657217682707,0.420272632585511,-4.4194361670149
4.15198054250518,-5.41028532609752,-0.575301885573294,-0.0944029335234066,1.14317214409479,-4.14994643645684,2.95844788455615
-4.71120914448717,-2.40298128236405,0.20220002718988,-5.66353453979582,0.154888686145444,-2.41898047614663,-0.07879343225088
-0.484792467749661,2.22203106239973,-3.16962670965475,0.436373038577567,-1.57214523039507,-4.07959418974111,-5.82860266207694
-5.340405328088,-4.3149397697315,0.444107492210872,-0.147284578059748,-2.40725312898349,-3.94046792711358,2.56006877386179
-2.19425968262921,-6.75783959310824,-2.87456704398328,-2.05995551728526,1.74848446378973,-2.78019225249126,-3.17684630095441
6.22631659072478,1.35562566352349,-4.85518843533697,1.74709597914287,2.97558852899831,1.28086485046938,1.81062592351051
1.84267287570813,4.64839345979543,-0.912947144668106,4.0119984704198,4.12163076987443,-3.6121127814815,-0.756238634740272
-1.21265751751031,-1.54910644082959,4.27309057547532,-2.95300913648119,4.19843475339446,5.50978414258063,-0.340030114976147
-3.16788416976917,5.77798688047455,2.03373246667901,2.1340539920442,1.98170595068224,-1.550698462362,3.97787251806703
5.27592170505653,-3.62567726348942,0.0663592726276502,1.14948018975302,-6.4896880015353,2.06205720465647,-1.50813882548518
0.262024846647224,3.19458856905962,3.35833169261938,5.97700726537096,-0.901459013529391,2.07350794020918,0.326364725661093
-1.77792252764998,1.01801260735273,-5.23134230366824,0.0182558917416256,2.54442598283009,4.60441825708827,-2.52560140304098
-1.45989183285396,-0.700916672206195,-3.65716043503257,4.91349239390842,6.07283062817573,-1.53245766798787,1.48652304081935
3.3462874064277,3.72890336226102,2.51615020124871,-2.57923528092781,3.28334451390409,-1.7226686108585,-4.59811614080578
-6.24958351582464,3.05544087037515,1.55291274358374,0.200694550160277,1.3777453548735,-2.57021228789511,2.31208022905552
1.35948070684161,2.65388131051186,5.25826449960421,-4.2936108590094,-0.696595755109875,-1.60345374433499,3.98472048354795
-3.94753025413068,0.476676543820624,-6.02480818556085,-2.49536348969435,-0.333333446850078,-3.1992135226111,1.76894167266665
-0.401645675321649,1.3884528425191,-3.40261991387195,3.54367085026726,3.09481060127199,0.495415647054506,5.26110366598212
-4.49539065259095,2.4762203755904,-0.349306713996499,-3.13822997708117,1.50066100144034,-4.50678698133599,0.73807645203806
0.220201148340416,2.23093740151033,-1.14295232368362,0.124964292492313,5.7252404892247,-3.01046906610945,4.80338893102429
-1.37065802044231,-7.51726716449359,1.01693492078589,0.35662591962176,-3.46608232215,2.76497001012781,0.275413510657375
1.73307659464318,-1.36434513525176,-5.2338979459688,-2.03000301068784,-2.85859431014414,5.26200138033896,3.50020991678385
2.16942904418292,2.33201365196592,-1.03466901218794,-0.407171246744566,-2.09975097369756,-6.77901012598481,-2.55756631873451
-1.74341704951949,-7.96284125644522,1.04264173618668,-3.3305863401836,2.2306934542642,-2.52763475929535,1.46541328352703
1.99775895619841,3.58868257214129,0.271965950479795,3.44874191219341,6.37555565250446,2.14027402999172,0.180196006783791
-0.729534270173627,-0.288166462125551,-4.42510197314562,4.32797538678895,-0.570523087224721,2.84154268221408,-5.3525891912771
-5.23138538003127,-1.81092404802279,-1.3010891260477,3.06369147264375,-1.19631001559789,-1.22992437209564,6.08645549422727
-6.50958744398514,2.66930292703543,-2.32283913020555,-2.06666461654519,3.49432842419863,1.09910251655382,-1.67237862775015
0.130662479547106,-0.821872848748507,-0.246675588738669,1.83094292813569,0.270506571977638,-6.65539515960197,4.89016353506447
2.21888241538808,-1.26513408890636,-1.60917136617098,-4.30637153112851,6.52569340086577,2.47160474066183,-0.375203882142614
-0.83292972603674,0.577834051254471,-7.74342131906521,2.35554713587183,-1.02435719685527,-2.51132115490585,0.892355855479839
-2.37701132210238,1.96937944960619,-0.659131417022547,0.495207270507349,-3.74308128186729,-7.43451681591834,-1.13949751966644
2.25690856607192,-3.98210375137495,-5.75073721111952,-0.53873647819207,-2.56169517603099,0.31702754884306,5.8203713916629
0.655063750482634,0.265875179435659,-2.47052156283891,3.58930290466208,-5.81526447742533,-4.4358041234461,2.8883026792759
-0.308144450941501,2.09524525749046,-4.09488275850546,5.3231206718814,-2.92677211895604,2.03292731280083,-3.65761607045963
0.395639337041152,1.15144366762241,3.387291433385,-3.92150477573604,2.53478233284307,-4.74281075178748,3.75864828679833
-1.47759245898223,4.10738650743266,5.7147165135281,1.91273914303385,1.80625318656918,-2.11883196967199,-1.91045777929412
0.465893215982832,-7.54384464982738,2.29979640559237,-3.06802299938412,2.72837669778113,1.44680931317054,-0.563314112451741
2.16485627163708,0.789480207794046,-3.05518739746487,-7.11939884069036,1.39641400919998,3.29583772252227,-3.08204072194798
0.125979956140451,4.25259244273511,3.047482116481,-3.14538587647832,6.08544329284473,1.6111614108902,1.25466241041248
-2.28886220742712,-1.28889922378078,0.179391465703907,-2.59924278664982,2.9684708155572,-3.07214109004956,6.87202484256931
0.269496555444083,5.15394850597246,5.18307457835087,1.98174953801775,0.77900504957548,-0.758930396474905,2.75648783512173
-2.58790865173236,-0.827245414611107,3.49209971983128,-2.40508232727017,2.8612517456379,-5.36938299822356,-1.95206487053973
-5.58031599661797,-0.766524802713232,-1.16486764276273,3.05541639765578,-4.86182327650222,4.25140443893397,0.418127607826057
3.40571820831705,-2.07023161373935,-4.61448266696042,-3.80034236638765,2.98603728022871,-5.46290421281378,0.773286169768366
-0.76559508086339,-1.60439172278751,6.51152851676154,6.9935170586515,0.699730128509802,1.04136256376197,1.74310943487754
2.31405910359194,3.43405942248078,0.513869816000308,4.68559401685928,3.905294017617,-2.95857526032511,3.78084643595942
-4.69680542417149,-2.02580954138745,4.16338429482938,2.67280809483237,2.40717111010953,-1.83094420116466,-3.80612722301335
6.56795246612505,-0.454173189822865,3.09324778039362,0.685600731312215,-4.8651436954056,-2.42314275353942,-0.00928834079210732
-4.66179540708758,-4.31481017594181,3.34223166517582,-2.70756147272988,0.400533648578423,-0.499690689329085,3.54289299801198
-1.05304756069394,4.94535290171896,1.70913303731532,-0.376998511077931,-2.57235564735607,0.851900041208587,5.48985436975133
-3.76649404087577,-0.12535905600468,-2.80339914067372,-3.39774776408391,-3.78268798066466,-0.445563319223508,4.22110473974669
-1.06820419870832,-0.138187820807737,-5.64359004842607,4.6425637413744,0.184694551218117,-2.46707312365161,3.48536507053708
-2.09520616687161,2.23883403954768,-4.99140283120501,-0.273023827535442,4.44504272964448,-2.27166399774398,2.02893990235307
1.16034777804659,0.18473307782913,-4.71761764523304,-4.12558056328864,2.08865429631646,2.46344722188118,4.87399846372348
1.77714476134147,3.64875561972011,-1.62317830076568,0.520936188886015,-5.42754897205692,-0.935552096200437,-4.12409940980034
-6.93596039014343,0.921836612129783,-0.0491648596771675,-0.741976402148805,-2.54434709687932,-0.335663659575114,3.02069909703431
2.66836335313618,-0.705518545618737,-3.83362654436892,-2.41474934648413,2.22497597020027,-2.18045615688063,6.47285404570125
2.14500754599892,-5.69948753124495,1.87375607361703,1.25218131098729,-1.99465246241405,5.60339758496293,2.48747965326662
-1.13083551294521,-0.919247411195352,-1.42697915259842,-1.62638459412113,-0.672369734321902,-7.70162909681532,-1.11230899470788
-1.29883375195376,1.05498276484596,-2.4213182241132,-3.71441264095597,0.957290006146035,-6.06367525896605,2.36052171258518
4.74957863415643,-1.69620373737732,-3.32766672661985,-2.35790552714085,-2.34009726630036,4.43544751682663,-2.76026987700562
-2.0957147385015,2.7031555331866,1.15985457270831,0.503707825311882,5.11527125506057,-4.08522985198629,-4.86751818366819
6.67932626593346,0.862965454798605,-4.37211448844053,-1.31019868368811,-0.91153742521891,-1.20853845686265,3.71648368525886
0.77739392738469,1.81614317910065,0.104213020889135,1.69149752719648,-1.45234202844872,2.2231137552437,-7.17375229392136
-3.29484447606796,5.43715904898836,-5.21986315712374,-0.143009607376189,-0.50702261348818,2.52171923451987,0.730011337383993
4.01066042788386,3.16325097794853,-3.53964075967748,-3.06412895747757,3.18528610541606,4.1600988577889,-3.31132501526481
-0.890936202753811,3.42241554795294,5.63419955857352,0.701366752995517,3.53771000184241,-0.593070954064945,4.21933655595961
-5.07830578599145,-2.40612852333391,2.93248793513882,0.946860140556115,-1.20968919986832,5.68303664623212,1.56987544741509
-5.82326441346496,-2.24179301602513,-1.06632651000433,3.3618006779579,2.71326591922852,-1.47993548711513,-2.28192939888674
1.64339526623423,-1.23594376946198,-3.04663568566217,-6.55500248832565,-3.86257476301636,2.29146604441167,-0.654241351862757
0.613521472450215,-1.6937029090708,5.68148946619243,-0.190424501061512,3.71943613233342,0.779606240821411,5.58232441965965
-3.97699813775494,-0.0366504714201102,1.0343782863211,-3.54397749819681,-0.200878848928944,5.67594167015178,1.95150186053727
3.26290321243838,-3.10560094700218,-0.527725464004064,-0.154307293167648,-7.43047679995279,-1.84762667680785,1.25292743921817
-3.44504752173745,-2.42325338134019,0.101219804114557,-2.28898409669243,0.969216398515216,6.56129427168054,1.59255318000809
2.18755567062994,5.10758729253923,3.63319007917992,2.18000220102062,-0.703515688819621,-3.42458423175829,3.7292126238651
-0.19103062210643,1.37783343742832,7.09825575691433,-2.91140462812888,-1.39229233001713,2.72846142515966,-2.43442835142171
-0.316429599741007,1.66389991481386,1.97430748922116,-3.48281971832826,-3.13842941304026,5.86827524334855,2.51753859404651
-1.2755142485624,1.46526862504522,2.58442143151512,-5.14926195747943,-0.895364861734331,5.29102304671218,-2.09278923690434
6.13274641327973,-1.6375665961531,3.86119368620208,-1.07504195420873,1.71880926021144,3.03306502754577,-2.9297649175186
1.3781836036929,3.94968974916112,-4.26742111294943,-3.30858424749618,-4.11005031553877,-2.80127051907029,1.89807801111037
-1.21062394895552,3.80232324819945,-6.78128650196179,0.390524791069687,-1.89086414978893,2.04699401220179,0.321974684778055
-2.51892713886567,2.56980270445821,-3.93793883110447,-1.09921262391949,-0.618300713548949,5.77675556418359,-3.15074491666586
-0.620597111160533,3.14662195861537,-0.241658100405517,-3.2613276578147,-0.652674355674452,1.20610918824471,-6.69261372872774
-4.52901457831063,-2.02625924429057,-3.30308475161392,-3.96051034185823,-0.100438351564637,2.05463194023701,-4.44903667147732
1.56742635442998,3.47496376083848,1.53824605692002,6.55378964376331,2.71056615515627,3.59693130624617,0.819845893391136
0.0480929034662686,2.14444607248409,-3.16725362305079,-0.388224098381206,-4.33710682256874,-3.66936529286824,5.37799902793304
4.87213347799715,3.91047579924522,2.3081836239555,4.17706860976666,4.17176199179384,0.118771222217263,-1.12237715417685
-0.247647513638687,1.46817906669982,3.32086401323826,-5.7360746421869,4.07705301515732,-3.12117135157834,-0.905967977500843
-2.89672110966951,-2.58122752917954,-2.30566488950925,2.4649970216091,-5.57995554261385,-0.393702223718706,3.63161099184163
-1.07595224637313,-8.16214422586593,-1.09857530383073,-0.125065878284681,-0.0221794603763021,1.45836162952349,-2.93305380271162
1.45010434310971,5.57523691071217,2.06163750088541,0.898082482603561,-4.64330365723977,-1.75536899245967,3.57109048221959
-4.2334956710162,-2.74409447011873,4.87258726828512,2.6179346629437,3.85021634512342,1.8891757970832,-0.0715082459979626
-7.09628652472774,-0.817536970104014,1.69473120923404,2.23331910710466,-1.25454459618204,2.51681481506336,0.133403016320691
0.875646244922559,0.624537234318433,-1.38254358084648,1.17160895130746,1.52469410878394,6.07661755403564,-4.79648285721754
1.84487172535957,0.279341736453756,3.25175130605652,-5.83918165671495,0.0282991066375657,-3.30291370913034,-3.26096133732034
4.77476122369602,-3.35514096887682,1.93591909364257,4.33072556763763,8.17696311716805,-1.84553077502736,-2.08647750962612
-5.98140744124865,-4.78240794151805,-2.13865889129213,-2.40036436711559,-1.97762745386526,-1.47072799775837,-0.0795554808366859
-0.778011379802564,-0.442733937966877,4.38121240180355,5.40446652350469,-3.85044978112389,3.02221846387414,-2.28523624805693
-3.91788813918625,-0.450788776436733,3.56073825307095,2.73742572611096,-5.6012891255021,-3.39993025089312,0.918297837592801
2.22597760931261,5.42162296059257,0.502934391793704,-2.45870249420187,-1.32545203247256,-4.05880371464007,-2.45211791637463
1.13661107128186,3.67614565766133,8.02867962884728,-1.59598387559832,1.64400782765818,2.12074497032573,-0.324581521563011
-2.00920426930414,-1.15318194576596,-4.9006896329361,-0.868275045443533,2.33856261899279,1.4737444505159,-5.92374783289193
5.93045730928233,-3.16294996288743,2.73305642820894,2.43038435794848,3.98665536172612,-0.252217558201731,2.63192928529842
1.60487112200033,4.3588989326831,4.14555063004068,-2.91252595560661,0.755932909919074,-3.68653154707768,-4.07349101061135
-2.46976712565462,2.57560424450065,-5.15723263561242,-1.75003379656053,2.03806726029402,1.2936530562973,-5.367138908857
2.12625399067098,-0.0704239017933353,-1.289382271266,-5.8151514016689,6.54629845777649,-1.84940507444979,0.862033390532839
1.38002994198526,-6.01052862962374,-4.2245404574091,5.28842241486755,-0.599351148012025,1.87772058472088,-1.09977629786851
-4.04589813996827,2.59208844111735,2.32995671669457,0.871888416291117,3.77059923743419,0.41139851656424,4.5000297088769
-1.48205252897924,6.85063721495031,-1.26740677235561,-2.22049884844965,2.92229251087399,1.07330674420946,2.67076441888947
-3.8704520302396,0.0874347445789626,1.91844259515184,4.82315015592684,-1.29784059977895,-2.60572634934588,4.28231070516147
8.25097805627255,8.15255917969367,1.22966012822808,-4.37473586618995,-1.57897278994924,-7.83306206556267,1.35109960353358
0.239423142987623,-3.72962441810408,-5.16351947279814,-2.89185647093097,3.2290039719382,-3.30400797054278,2.94080313265516
-0.838053366849962,1.93445919930986,-4.25998766343432,0.920165531783963,-4.1592530230221,-4.9227567660673,-0.851489865567681
1.7537896197974,1.0185924348739,-4.95578535101473,-4.97462326905158,4.61374067560363,1.58006332715802,-1.07087801335344
-3.07113088998586,5.08373740562332,1.60528548529478,0.677739103249924,-1.41386950153755,-4.56164799501564,-3.06864867609583
2.44704655801981,0.372181296182636,-3.51005720989617,4.24407542264695,-2.46559500314442,-3.34023706451948,-3.90590047847454
2.58621221709445,5.23161645845849,2.9963810350379,-3.16450671752427,-0.00524589879028547,-4.07346843185297,2.089981976381
-2.76609821956059,0.533926810746151,2.61848042113619,-0.398526723870482,0.61563511474551,-5.26008029658738,4.69701715725064
-1.07250891626343,-7.01550024342809,2.46595487576821,-3.83037580729544,-0.28332419329679,0.297524336050154,2.65991618523554
4.12162219169503,-5.80643525599698,-2.07052985973711,2.50947081966603,-0.77200215037479,4.55184283862425,-3.67190984694191
0.851030955916703,-4.28329570212731,-3.27615487108612,-6.62418808183053,-1.35052410564401,1.65028831259475,-2.02053933641018
-3.84568461782674,0.119797229597053,1.80980300693888,-2.50562410572124,-3.29055257856069,2.4931027781011,-5.18669479810046
3.61833063594518,-3.02239787072449,-6.16609248468,-0.502085658382823,2.63440739979851,-1.69307800379595,3.47040162996025
6.72898036237749,-0.645945004313352,-4.15296526542697,-2.96475025176173,1.86579455191828,0.283103604479667,0.199748352911953
-1.0836285017825,5.52773453230147,-1.21460435589486,-4.48405946713006,-2.66901075351474,-1.05100688747985,-3.18889654551928
-2.71190564647994,1.27898931823047,0.0132764435563563,-2.35376291176549,4.36807971026326,3.87483201908338,-4.36198414116972
2.86019512736843,1.28553525267994,-1.19836693115721,6.79151778163131,2.17902569812492,-2.36554090920693,0.92328597982524
3.29321978483086,-4.67182928891619,3.69434480348896,2.61085410485215,-2.70407683452909,6.08252380112681,-2.2041432732204
-1.17082886749569,-5.78873491279394,1.03716433752998,3.58940211934245,-0.642220432182303,-6.16844214660605,-4.42552620678589
4.48209310135753,1.68399799995271,-1.60233540115862,-2.4118117374443,1.76479672486836,-0.319811134900879,7.19657814176318
6.61552159801847,-0.00744570053779901,-0.593665884019701,-2.11221614416637,-2.47363841769571,4.93326262180749,0.52679667413314
-1.18712204238695,0.582405144028437,2.92636195738336,1.80947646604336,3.36736411620348,0.434043328415362,-6.68440153417804
1.75964414193333,4.57621028613983,-3.64167248345909,3.86028428283191,2.31821848453777,1.71446689385386,3.31777122129142
-6.38568618982301,0.846940387908726,-0.419527944783226,-2.01245988558875,-3.63035823394982,2.20319945017909,-0.852376359028349
0.294931592743595,-7.26191962209274,1.16986812171179,-2.64492033407331,-0.32159713022778,4.99686518939544,0.00194038184657709
-0.0949022377733253,-3.43738385957717,5.57880315104526,4.25158708836897,-3.29817417748887,-3.24686043137888,-2.21662390100939
1.12279837815399,-5.13565113628499,3.39116954878585,-2.15572601611443,0.549491195398196,-3.00163041831794,5.13747352023316
-1.73091412804077,3.41765266076918,0.205955441989306,4.74773012196348,-1.79713625968338,0.559987185350986,-5.29356400539281
-5.07656850667501,0.381072995710808,-5.86681986074762,-1.36587658054075,-1.53188379015354,2.12168949750042,-1.50528657123033
5.21190995716182,0.660944890006761,-4.26429179231044,-2.45305626512921,-0.219050399965928,-4.71349509943779,-0.0228255111699501
-2.64455831391534,1.70061659675824,-2.59457862992277,3.0469797554726,3.38324992157359,5.45002720567934,-2.03592953757899
-1.4801723905191,2.80958747541824,-3.83935327498194,-1.74009267936069,4.98472839585095,-1.83226510343031,-4.45549891608801
-4.93682887027342,5.13799678535917,-1.86250306290041,-0.175219242767409,-2.3042801294091,0.463635403398239,-4.23981368676697
0.805162184743264,0.760049943079307,-6.73417649257183,3.13389129631599,-3.49450622449109,0.477332172332108,-2.05538339676649
-2.1381194762218,-4.05749211285444,0.451284013662745,0.288375955669294,0.331777459626551,2.19918232070982,6.57922620899835
-0.194959031892059,1.43758597384205,-3.22330550010884,0.362465610282222,7.85814508015098,0.0424601380563592,-2.06460352696834
-2.9180759519538,-0.60147796633492,6.75074058031923,-2.91901461164802,-2.78167430000522,0.553095031849064,1.86321387694317
0.14335882722527,7.60519422871177,1.90238421652735,-1.18283129814494,-0.917593321124005,1.22287988004111,1.45123223051621
-0.052919074929498,-4.6972422577275,2.09101828113069,-4.12863725268221,-5.47345310633491,-0.667325687908404,1.77711907810357
1.3587148689694,-4.73832586555201,-0.379928895144475,-5.14537449669081,-1.8144206666232,-4.11248049134454,-2.00516120322719
-0.109522135448514,1.31433332403752,-0.802085945991616,8.00425557025529,-1.76498806575294,2.37440350190732,0.157899635617108
-4.65084121250267,-2.30774310702148,-2.1072705222634,-1.15733984088433,5.35135865438207,-0.0296714411152016,3.45578891558883
-0.946667821729055,2.78759405190329,4.17599623372108,0.158138254478044,5.90233405429014,-1.39427990548013,-2.45512961618703
1.65226666666102,0.330781113494039,-2.77499038498266,2.37594525388847,1.68665410186736,-1.12072664348171,-6.80022087986786
-3.17316031674173,1.30864872239554,0.512940773659265,-5.05575211730595,-4.81115126150308,-2.75822620702833,1.65836274612582
-1.62930388864447,-4.89573850202489,-1.42111900326882,2.62025112775467,4.14508293673827,-0.914692094997657,5.38725205856109
-4.22853631032101,1.06062131946344,5.36178922916272,2.02385723151834,1.07718018815601,1.07747784439736,-3.8830595351336
0.122844829406612,-2.09579281989811,-1.65936818336486,-5.64152443573408,0.320695542323152,3.65107954582732,4.91607875621078
-0.215311537605191,4.74504829032711,4.00934030898296,-3.99258320230859,1.10924060671476,2.98217407810151,1.26507216719098
-2.26027476898441,-7.43601663615096,-1.82316069387529,1.95287524817033,3.57417469746909,0.0423478257519642,-1.59163783619312
1.90299163660389,-7.55990056172568,-0.0969508571514977,0.604489869693758,4.49581355160714,0.76313553705501,1.57267562404688
-5.21151531805531,-0.303469640637491,-1.82520033096217,-5.59663948382819,1.34127811440429,2.51662376694953,-0.375850612472684
3.97848030955875,3.1062494231015,2.53907368992946,2.77336691611669,2.83214067300116,-3.3221898938821,-3.66873396320821
-3.2855352743769,0.588899141777996,-3.82853951874148,-3.55786603476348,-1.5514810283181,-4.25655226902458,-3.7770385917122
-3.95087365895857,-4.64149780670189,-4.40919070526619,1.88021995931678,-2.48310081924436,-1.41789061441573,1.7841290984216
0.538000112619023,0.107531536981843,-4.39336564553455,-4.4385536170152,-0.608073182792693,6.59800309385533,0.452264604740691
1.22233367266705,1.31062771452107,-1.40837410199147,5.84842509701104,-4.85429251707162,-1.18119915522005,-2.39989684952372
-4.52677265853839,0.832006288772962,3.3433663936427,0.0745372347373904,4.26771323666495,-0.644331391871228,-3.89104578054086
3.97149106632049,-1.49662056953495,1.72836950116582,-2.77182971631072,-6.45638070584091,-0.793423136683649,-0.835168169782565
1.89157065333266,-4.01355753084021,4.20641204730359,0.100339605548832,3.65388926316978,-2.36786255496927,-6.4066332466273
0.371412852458999,-6.47612189340753,1.59114180994702,1.49952403635191,-1.59986127969459,2.94490076031536,-4.3313210952703
-2.54803533638602,-3.3288566451566,-1.41629848888549,3.54350271110927,6.3871694448609,2.49416815825953,-0.583577264743973
-6.29749460415893,2.94060761627423,2.16569997716104,1.31618510391994,-3.67327362984084,-0.0129541275891042,1.13586113935786
6.73148731739505,-3.49751035810775,-0.043534722506939,5.622385434624,-3.81724537771312,3.14100850326262,1.93721737736785
-2.68190699536522,2.21162770027861,0.523843777697904,-4.31509223538036,5.23274328114439,-3.34598411006323,-1.63991323290217
-0.387346385038297,1.44831925218184,2.13751541494512,-1.48902727658881,3.43534663606691,2.22340553651303,7.29200437658123
-2.39595512762475,2.13452978597922,3.39379242050383,4.94910744147673,5.06839173508942,1.71515266603082,1.67899022582217
6.13431285344844,-3.88942013300396,0.427055049195071,-2.50706247792931,-1.00899849549515,-1.41834650491158,-2.58984620465212
3.83655658452955,-3.41223015597409,-0.142739411994395,-0.440250099670421,-2.72092333473039,-1.80056814191249,-6.5798790945879
-3.53326807455705,3.72209175701414,2.70104749765045,3.22036476602331,-5.72429665278392,0.565637034570604,-1.07255035621929
-5.56280036728722,0.687043304661355,0.715160944540693,-1.29287517039399,0.887411173010944,5.24688070514782,-3.39840242977342
3.28173002352037,3.30691011015948,1.04349203050411,-1.66832565652485,-4.81675920072929,2.06813293151421,4.19690623687486
-0.210663391825234,2.54643898376085,-1.42847331429251,-2.67019280018154,-6.65650664416964,1.95230347893275,-2.79630938804688
-2.85211879364099,-1.60141545216386,-1.59763196554131,0.857176757988955,3.3943831270525,6.23201155150338,1.35704770822136
0.859417275396413,-2.7836761239854,-1.6817869616559,-4.3491267827501,4.35133068421318,4.03389055183259,3.4246705084776
1.33964012011692,3.44112211943699,-3.91300303608162,3.33820734076694,-1.92724447290604,-0.0256697463612465,6.43343607926946
5.085087773744,-4.49572702985606,0.0371842932182338,-0.350384529376335,-1.14493344550054,0.631430934752476,4.86920304515816
-0.858464085150008,5.87566869052395,-2.6948528025413,-1.77859904823939,-2.08822428831401,-1.79087980156816,5.71712326369569
-3.75143160645776,-0.57704761098309,-6.06367903070939,1.52751906293334,0.243446668406119,5.19772068283848,2.73342938383819
0.389991806957717,0.0698802094736553,2.9240326112503,-1.56523226179885,7.12610704054403,2.05887317377043,-1.86154914544976
-0.043299108039547,-3.26786227342245,2.53806673657524,1.90160685026197,3.56281539845869,5.00493153626348,4.42933236943798
2.9009376488564,-2.7956640259523,-2.95289606488431,0.842839734807637,6.02198984476934,4.52349172683169,-0.224638731995865
-5.84102675507633,-1.82642984480443,-4.21555174290193,3.91719514425829,-0.991630386512687,-0.242129428723432,-2.72476438351741
-3.76088795149711,5.04084315287125,-0.699442973180375,-2.48003158489955,-0.586822985467521,2.85229677816364,3.85200797916665
5.31165534401423,-0.617524965172826,4.52114197337382,-0.14803553311251,-0.106598986026417,-1.36248433723406,-5.59212788467399
0.85126698672606,-4.52583614720333,3.52179080569527,-3.34363753287412,4.99473844114704,-4.23970018935084,3.31613095654554
2.23860371885113,4.31675888346186,3.46874153861105,-0.648140712135637,-1.10848509964481,2.68738312234375,5.01504283665799
0.660416843846054,-3.37408681015365,-0.128368581911152,4.90618716228412,5.19094191400157,4.19180959628431,2.20758231454941
-1.64091765381303,-6.22606331347285,1.93270852340556,-0.670388100843584,6.59435360872868,0.182389374399384,1.13263342939015
-2.57184987831267,0.0830722662103899,6.47685250455486,-0.0632564668281213,4.63140099594899,-1.28290487003679,-0.00183354514614254
2.11795246579332,6.75533998185133,-1.48110011995145,0.603034781720309,3.43181367806347,-3.04515587314502,1.28124945191935
1.72082983543057,-6.55417066780782,-3.49800271417947,0.644260641739213,4.03230602172507,-4.0941006093644,-1.42973843563599
0.125200603122844,-0.798413956085562,6.07456268921807,5.31800860254471,1.01041720897188,-3.48343519097462,2.35446439589438
2.6161569553856,-2.76025545199766,-6.68568817076375,-0.764772738886042,-2.0525132885735,-1.34708975254765,-3.62191221330786
0.693233413110688,6.83426426797795,-2.11181682278733,3.3569824247551,-1.76188057358589,1.01898633087657,-2.13060593488752
-0.720807024102533,-7.96636833764207,-3.39429495034296,1.65386823292911,1.04942409077223,-1.83730865032373,0.894610917021999
-0.743389614595335,-2.11923253086764,2.39957716958293,3.47216196006504,5.33378134769107,2.4446736137895,-4.17650828922815
-2.69614645947903,-2.9692112774321,-0.533782173389082,-1.68438472144686,-4.3858104930674,6.64189080848906,1.02920771926316
1.02185204548506,-6.35135328213066,6.46089311182678,3.4309111721704,-2.18321989178851,0.900258792714131,0.938760756742164
-3.56124041893275,-1.27950548736284,0.747787148027886,-4.01110498330689,3.97336385169952,-0.744793187186418,-4.78657004078854
2.08463758245561,-5.29235663104744,1.254897919231,5.1139658293189,-1.73980300599878,-1.39217833341581,-4.47675263090715
-2.12873753634319,2.2922091955931,-1.98330844679112,2.03686886652976,-0.785710108486976,-1.14574000779689,7.34037875000123
-3.3568480645719,-1.07261942640498,-3.72599507044987,1.37269817374774,2.92878007988491,-1.91561461889015,-5.92403998695574
1.98885001251944,-0.590550576145422,-4.8189060992818,-0.839748336292469,5.93959873945829,3.96024361945614,3.70236200828027
1.6253577715673,-0.883364623269852,3.39085594022218,6.01012221563568,0.113944838611875,-3.75989001556399,4.30477681046143
-6.95082923402859,1.10928425944082,-1.53516911025678,-1.68350734437551,2.29624696246044,2.35552872400971,1.49950564294693
-4.00298783094988,1.3330171105702,-0.797109726644108,2.5573193317391,-6.15074483225448,-1.14149558651676,-1.27319166710164
-1.58223431156034,-6.61186508396146,5.69409569301951,1.69678332102215,2.2857038624367,-1.89178545670465,2.33717673099119
-1.96656037774934,-3.38803583651435,1.49220574115225,3.49637067509565,-3.63720236763574,-0.259117726245257,5.61823289326548
-3.44959344705224,1.72299707815066,4.58119950324543,0.407825953263872,-3.06277153718223,-0.212740906786983,-4.91566652289851
-0.15862942369623,-7.61902388208269,-2.05470039822454,2.21194095017667,-0.270050027489273,4.45004850427713,-1.07942149104902
2.4691267134684,4.43212821093401,-2.90537627285102,4.60409641813693,-1.32187057357393,3.74221026440757,1.35061984264759
-1.44696537678205,4.44248806675645,-2.3770489093925,5.24352332349458,4.09918885737557,0.487329604171332,1.28674522581588
2.04982147246923,-2.97408337911791,-3.33064731000072,-3.81929267517228,-1.5528556887199,3.0265699651502,-6.05082143981597
3.35103927856443,-5.77372878200638,1.02529874889514,-4.02842508104492,-0.977670036499608,-1.46129585722064,2.85850516927835
-7.20336540205034,0.906560201217808,-1.70344958191445,3.65305591155587,-1.99328069669638,-1.02441928271043,-0.839587435232633
0.115804718349797,-4.90864932316759,-3.50907949514517,4.24054250324568,-1.99656611398238,0.339163148169983,4.09909830659114
-5.99790807924581,-0.286102649114625,-5.68680908942266,1.85853064829294,1.19808835496873,1.22664298573234,2.64218002470345
1.54606104102249,-3.33977768282212,5.90937432291429,1.3662191531583,-6.29301598192036,1.12896621406732,-3.04036641434282
-4.74876724324597,7.53496749386281,1.83127362111432,-0.38989068761432,-0.335456485255436,-0.394132846765719,-0.197031996173874
-1.70016318988018,3.32695953053529,4.01697326571396,-3.50199284906995,2.08481518750019,-2.14291930136636,3.84165501392927
0.262937470139968,0.0658174180275245,1.10764284400827,2.88067241790124,-5.35725789055073,-3.79921527304204,-5.09414093227553
0.138230584677888,4.3660076545389,0.823762618273897,-4.70953767789182,3.55516837274561,1.25805275678489,-3.84242903576515
-3.77103100132073,0.0311649910549989,-0.138453282403176,-0.317783952710855,-4.91869657328141,-4.32659775013006,4.33439106620427
-1.12913082662488,2.2315815395744,0.33853383794903,-0.499148851450981,0.820817411223769,7.87314526878013,-2.06903486130017
-4.8311809236819,-2.14828387411604,3.83516821535647,-3.33616448830962,3.08190097487499,-2.31551246246761,0.986610624603148
-5.45996759579556,-0.0870799368932646,-2.12149185487259,2.07869144701293,3.8796694502445,3.19289601471032,3.61301789446741
-3.10713683732229,1.69571410333912,-1.66924380571941,-3.6322048608653,-2.9224423481688,4.45005724328299,-2.69224267722517
2.45108745535395,4.57276937285021,4.27129523993245,-0.266789329664127,2.06098269101385,4.88280745949368,1.21413772360448
-0.586958330376551,0.165885451835059,-4.74144326832007,-2.52534705002749,1.42224413944625,-4.32083990474404,-4.19369757545211
3.05755500081241,-2.41407207372766,6.95990397426792,3.15144378010442,3.73926009803331,-5.17760396051488,-1.86069072582059
7.82322442390365,2.65577285636978,4.82327571894683,-0.772981150993281,-4.87951682326124,-1.83591347862986,6.1018354213543
2.19072436607584,-4.45889518447485,6.63733514932014,-0.139173354280712,3.99571663359778,1.80075764840425,0.0426109569542492
1.0261568014814,1.18856437934436,-5.85623828835901,5.53171504285331,-1.18757221350089,3.43231461399219,1.88823961595634
-0.746653793186782,-0.0746180053262077,-5.04771594379189,3.98739528459655,-5.16124719954027,2.84715888643229,0.505261768592918
1.33283071100378,-4.68072659101127,-1.26400966500829,0.655749334015481,1.99800302101451,-4.86780320548141,-5.85956440004387
4.9848773705724,-0.25648629350928,-5.73837150615658,-0.279131763440046,-1.90574931228111,3.80322080183035,0.927169932302892
-0.890030942251485,3.00498200652393,3.88387437585865,3.72903295463856,-2.25150315141742,-4.54496796127749,-0.683990072424325
-4.81333215030184,-3.92771555134001,-4.23375548496276,0.335006638139299,-2.81398760377787,1.8436685106225,-1.10229875562366
-7.60788794024357,-1.91159694009569,0.630562171463229,-1.37475937457085,1.46156783170936,-0.555835125317389,-2.31853159525092
-3.09229728987752,1.04996386418856,-1.37642485165736,-1.63144917270418,6.76518371142258,3.22804172529299,0.00227733193382996
13.9525012552869,6.4155070254464,2.48168761929044,1.49216278039635,-7.22675009745977,8.90084687728417,-1.66540957488903
-3.18097864259972,6.23624191991688,0.119162846413972,2.17709390666741,-2.68719239157716,1.36682793713548,-2.97331867286032
-0.968943363343029,-6.63349168115035,5.54287026368557,-3.66598179364386,-0.658313345322254,-0.837578250976533,-0.97635249015106
-4.18939672468308,3.16012575195977,-0.762628848807263,2.80709530051166,-4.13823252176324,0.576781695620071,4.4473744549353
2.47460344981464,4.77293807985799,-0.932650846663599,1.83263555577707,-0.572495506204571,-6.02849519830998,-0.259126438999531
3.88231674653374,-1.91141447487288,3.64020343540718,-2.42297769871377,2.31711192321808,-5.12468383520787,-2.61770957188994
-3.98039215312046,1.86438768777994,-4.35071668931113,-2.14099682568364,-5.67152627280817,1.17831929612103,1.13502183217694
-0.450211793479449,0.474913307284548,-0.34367622207632,0.977809932537001,-7.63683459558049,-3.88646442744169,-1.00279362675058
-5.0668617764302,-2.73595305438486,-3.52021695528296,0.530569067251774,-0.241639051760103,-4.90876073053082,-0.676432983340388
0.377011836424528,-4.68657207408754,-5.28205991243401,-3.10518320578807,-0.64995269245177,4.48804135625278,1.02360650728161
-3.90122784363849,0.0534591528729276,-2.15254854541582,-0.260974511179434,0.246779301621576,4.43042959107658,5.53550954552112
0.0621628446537486,-4.17603788020255,-2.74204118911128,-2.9780308393466,3.2045043317241,1.51958682398407,6.26346003640992
0.630610363237604,5.68023413390504,-4.65025991616795,0.475671195512758,-4.70409788462325,0.862138921849289,0.632395966178636
6.68712984011439,-3.27606867666305,0.216756107801908,-2.6098238665904,-4.05885972004848,-2.33216589021959,2.26538304481297
-2.32087967548671,3.31005501835487,2.71468046992981,3.99562586291448,4.6657413519773,-3.18734362241732,1.59662399116997
-1.30788294782053,-0.717611057071929,0.180502565924402,-4.86919559144207,-4.99981308575545,-0.290430387624395,-4.21964745870154
-1.46833529473393,2.10441770381167,3.42153364682682,-6.58100956206862,-0.27702754569365,-1.26372907033005,-2.2071113854662
-3.85990985669575,-4.9374184479741,0.549939150351346,3.85185512577705,2.33558428549618,-1.47450436246244,3.46457139619505
4.23059577546666,0.0383659851171608,-1.8721488726235,-6.60101062145089,1.39572051928614,-2.88545793597617,0.863593719760643
-0.705623249556647,2.11192386778142,-1.91709451859228,1.02688480146247,4.17903596727754,3.59045314214945,-5.54017926739345
-2.24151160986617,4.50432917454472,-6.01476218901535,0.24352091074709,0.860855896562063,-4.34766751695927,-3.1220951089903
-1.46827680243204,2.55247601284356,-1.1494215695956,5.29515439437926,5.29588216856896,1.7497225492128,-2.44082226435521
-0.926067994989015,5.03841552444415,-2.8950130120882,-4.54088442013671,-1.79869677586673,-2.90502663640956,0.610686138655767
-2.887745010501,3.88794874804954,3.24624881415994,-5.16789280586988,0.683227343957253,-1.24015837296406,-0.654413445611061
-0.765066184153405,-4.91967261121815,-5.88553080901078,-2.27731031759756,0.940788615038197,1.77956219108246,3.82526014733782
-1.28263807102654,4.93971878101092,-1.38501268583919,3.5549796077414,-2.13891981110031,5.54506662536413,-0.862636086892947
-4.16266393001922,1.95779204808602,-0.437562202400969,-6.05523192413879,0.369150401465851,-0.516973000356863,-3.68803204548175
4.42505963384539,-1.86644317837393,1.50778076563458,-3.70213596324451,-2.84701970521103,-6.78347037946093,-2.1016054197715
2.18508435828101,4.9467777497596,-2.23413483651811,1.75368624260029,2.79176044880908,-1.18159490485018,-4.63750254478601
-4.23777519688803,-2.93846789286564,-0.432539882238425,2.95177722150875,1.32504206910362,1.20537567519036,-5.79695207402339
5.52914427021239,3.73917463709294,0.425228274608808,-4.46175085971449,1.84946371996176,2.50950842478003,3.74591265217023
-6.78303668223632,0.768718359451506,2.81806077924724,1.81962265266096,3.94347496319965,1.67265933589154,0.221658305215015
4.45370673299645,-1.46857194136311,-5.86235246174909,-0.633582991238366,-4.94850817122266,-0.11614457410024,-0.511109157907821
1.32688226954399,4.02960960996231,0.462966543218882,-3.27191977035893,4.29821432432516,-3.29669877139957,3.05340400093725
-3.09581116734454,0.817208786005078,-4.54777271568664,-3.29592016750104,-3.57844842263211,-0.401205335161197,-3.51389551081715
2.42970057472272,-6.12375500905878,-0.35832985016075,-1.11291715033468,-5.11528588577243,1.80588200272619,-2.24746546295716
-4.3882492286139,2.60420642757856,-5.76852779791578,2.80817249205032,-1.50888643312684,-1.22575957842084,0.442136707786308
2.90731841706563,-5.81854198996941,-0.35172314472547,3.59171629093529,-2.32139086636845,-3.97595963437159,-0.00918897652932049
-4.10478763617158,4.18072527254007,-0.191546377699365,-0.23121843901981,-4.0053698606261,4.41292154323287,-0.00553317869957338
-0.0287346445248864,2.20903749583046,2.01047170197107,-1.45334558175452,7.24264094829317,-1.94010471838215,-0.219281594200504
0.536586470614104,2.33352810207833,0.450823087718677,0.874791923756998,4.78679993519793,5.53885386512848,2.34388122545243
14.3694746749913,3.0925798470082,3.34401515464848,2.65822453569754,6.76109191664858,2.55920323377485,2.55911099475251
2.16204734726108,6.0620286377486,1.64435087121377,-0.354588008720546,-3.58397434608721,1.57510665045584,-1.43570151107592
3.49374665852772,3.55195921367641,3.65692205486746,0.0497163536397225,-1.78524431921118,-0.549425177985347,-3.88707417075701
-6.18681665298854,-4.62161269005776,3.43584469062376,0.14980638696386,0.0113393524268791,1.41308323774136,-0.40814355098081
0.67123498449454,-6.63123681199851,-1.64607175033694,1.21170372492999,-1.07399529543387,-3.81204764333921,3.60052933915381
-0.915882258523696,3.11759446577388,3.26639161103293,2.35045398149291,-2.68095000140336,4.8163461924099,3.8415514385451
-3.99368720585288,4.1475156427491,-1.0175115047515,1.28000795664334,0.0925591474072773,-3.78616798499711,-5.44075835242413
0.857972400520247,1.47740594420277,4.55503993026385,-5.96376057129322,-1.35578533674583,0.898015467612864,0.682279419672291
-3.80145522894946,-1.87849112845047,-3.78117934135,6.23020463069824,-1.09795881866987,0.431883015992044,1.63411175653975
-1.09107065686413,3.55576916375069,-2.37012772004578,2.85151625100274,-0.765147781454361,5.6028823900311,3.63595307749478
0.15333972955597,-5.78195111304899,-2.50720845101685,-0.919226167323704,-2.93024886356681,-4.80400732777053,-2.15321628449098
5.900945070822,-3.76370426259481,-2.50387204123241,3.09621386542124,-2.46106888388171,-0.245005123965495,1.7299414914351
-0.394638966286898,4.20447777530394,5.24673149809287,-2.42540876391484,-3.58507335988049,-0.856752262856691,-2.04530870089022
-2.58696560642138,0.540549882241928,2.84560920171896,-5.52593301255397,-2.45789009947719,0.888954973678598,4.34075675325729
-1.9564494281404,-0.76002443337994,-5.92053523330242,6.57463379392465,0.507785421333036,-1.24958761840429,-0.898575519492225
-2.29994000519618,7.32921935737588,0.411286390181046,1.73892457744184,3.60047241238374,1.44098900203565,0.515167573792572
3.48134500797744,-2.83736139802271,-2.88551528900025,-4.07673615826103,2.38927584572283,5.43444076107046,-1.1006066675314
4.70126934461747,-1.41133083311223,-7.34531614380887,-0.141730922945249,-1.41910650578183,-2.0103887579889,2.66317323150839
-3.43387175473226,0.71730802910103,4.21129727980937,3.09540262999008,-4.82092061992437,0.358449186135129,3.37904147366238
0.488738237825957,-3.55733764200358,4.39531920532141,4.5215683534039,2.03982852224947,4.22680226353756,0.0823726148603965
2.4956760510401,3.7156497767393,2.44559171477996,0.425918526489933,2.81596388729022,-4.22667697786441,5.23109020754329
5.60583449167546,0.0941101696212833,2.16531161248501,-3.07182635903128,3.88594504508072,6.13105331623913,-0.815568511487344
-5.19072055119511,0.960280929076829,2.47528358016705,-0.712877005043867,-1.49855708469535,-0.876045415881518,5.53737514052634
11.4021845290838,4.81066972125574,-5.68910311443776,5.76992701961666,9.10282415321085,-5.27685713960693,-2.40457218237479
-0.77326285675452,1.62762798573785,1.8916919436704,-4.06312666810173,1.06133798276269,-6.89269287565416,0.282311461074028
2.18887958743822,-1.33715728955845,0.873719054668511,-8.15035429724547,0.329499111017699,1.41199122668876,-3.7253759380209
-1.30840423842913,-5.65180384160884,-5.16165573748449,-3.72183807392751,-2.02188013692604,0.0837380050220591,1.25394028128543
-6.95504414090445,1.76393725019791,-0.234978708298585,0.952123267077591,0.71903837139118,2.30977394532819,-2.80908538124371
1.49584856791294,-2.47215740780843,-7.90629813022669,1.40347266283855,1.3822779254421,1.24093603607795,2.1553388354221
-4.03176925757495,-3.25738268088458,-4.0055700336548,-0.457573872556431,-0.419536029766302,-3.68728238072511,3.59583242901392
2.65587980236608,1.08128394727517,-1.70236153977218,0.233661833554833,-0.764504411285429,-6.3457152402616,3.44599157930375
-0.834344936214162,-6.10649552448063,6.59977856207292,2.8888984244526,2.13912433385763,1.40618764510964,-3.48980023422977
0.225215001822617,3.44258377586021,5.94490937851003,1.80183232076501,-0.927501575253337,3.43834769409506,-5.14207467848206
-5.27205646154422,2.36323739102136,-3.76209835060323,3.21182439097434,4.75041790068607,-0.910643350295657,0.443880420938496
-3.63707086802927,-2.27329532321268,-4.37021111729854,-1.0780292185264,-4.27718745495906,-2.65957399533078,-2.34493455401899
-2.44733288640614,0.814521078803532,-2.01365672717076,-3.54518781193932,-4.65797804125357,-4.69870680273201,-0.127453439871199
5.13470049626515,-0.556335101454695,-3.00574318586464,1.22320723409041,6.43077554741372,0.875006687242547,3.63420782220431
6.78485374727718,-1.8029755635809,1.78312495974001,4.05422650089533,-0.931930598233709,-2.71373401805494,-0.43555411207362
1.74460875502706,-5.31351390509179,1.13548601845215,-4.99552625706696,-4.81133966141224,-1.42742985251214,-1.86906490936288
5.73052860164584,-0.268381935221898,2.03203347439487,-6.05371917335652,0.986952864271388,2.57743031106373,1.61642663953659
6.29668167054803,2.96196372141407,4.11288956811174,-0.952066626779168,0.951437356108831,2.41271168649061,-0.225479327673536
2.28877591812443,5.1089421253927,5.86355424097013,0.00289912353370013,-0.383612897142495,0.139652848891107,1.95541244208041
3.4327378688917,1.21607196736081,-1.24742598851412,-5.8610860037559,-0.999777708777954,4.98935093592171,2.38263872248353
1.45293656982185,6.09494003789499,-1.84440559736202,-0.77558362653856,-2.3239778788484,3.35404018115755,2.24607693296826
2.20233180566077,3.95374332966664,5.13908332495917,-0.158776614102946,3.04087873188391,1.23659271429809,-4.1486200726027
2.07764256164008,-3.63265481470097,-0.914793853508814,-4.82325152751837,-2.98603699556738,5.43396727853093,2.50295984900018
3.04560449549172,-0.678580533111061,0.0442302951086456,-3.87791872034381,1.27019296496323,5.73521312282063,5.14742340818891
2.15987972655251,-1.49807899595518,5.21126284430897,0.425661547639621,-6.93391502495847,-0.148486065071741,1.63728067969361
-5.05312411158314,2.93374225216473,4.90655450321346,-1.37879558605682,2.82742844664392,-0.753072327787257,0.414053527953425
0.7477276997491,4.17870248066589,1.38104485807761,-5.34314651240725,-0.934308908919824,-3.15331115634618,2.47843311723112
1.62261441194633,-1.02773235258113,-4.89087510752134,-6.65805709798684,-2.17199684690329,-1.89149161643922,-2.60102969289717
3.67384000793556,-1.10522556508155,4.22571625394523,-0.784812045739992,-4.54980931377168,-3.97254603604141,-3.01246477070948
0.23102445845081,1.43706562113936,-3.90681325971685,1.76248079808323,-2.54876200432309,6.15749814078614,-2.64989259744829
-5.09114551766832,-2.67008644863568,0.857307903946477,6.62694071385022,1.03259797442265,1.41045507583395,-1.887799167957
4.3654280988032,0.673973819677272,1.06085572080582,-7.52742934531213,-3.38454976154612,0.15906047119167,-1.46670872028827
-1.57458642039477,-4.19357347759364,1.61932147517465,5.60846788788701,0.0351250005989498,2.93211467865213,4.37163138410715
4.6207626554408,1.91738263519521,-2.28820116232167,-2.69829215863798,4.76790948036597,4.34992939674003,2.15240353456627
6.17563145088044,-1.66016118406093,2.56203350278384,1.35099380054101,-0.266144559615528,-5.32249758661933,4.71141347542022
0.627771753157095,-2.91890470416943,1.16748425067541,-7.04694040979395,3.64251678313899,-1.54965877730366,2.08948599450482
1.77742424629607,0.226521071330448,-8.12787539988854,-1.586264630861,1.37259864268822,2.41137757680765,1.44746701287891
-2.12179820292477,-6.80826282307274,-1.53593180455505,-0.824633914208418,-4.00814947425698,0.395749617700349,-4.24544113296077
2.26612944578189,1.37744385048833,5.08159465243889,-1.74421250019057,1.00038913165847,5.74954923028972,0.846547716427356
-4.48365793539131,2.0074600450099,-1.31603400982245,-4.46769295787896,4.78050833617407,-0.217260935855635,1.06229375085336
-0.0602075854493244,0.553924384149964,4.23898885924128,5.2222885836791,0.374205774302931,0.100655239972922,-5.5859056211309
-5.80652427607467,-1.28812531134969,2.54605961263819,-0.0482009122747286,-2.23246698575119,-2.72499749590044,-3.62835497553678
3.98378750173506,1.03984915148944,-3.84536930736855,-3.20765564219443,5.01006011084129,-2.76314622855344,2.55106640842289
3.82816567438903,6.00697774539746,3.67883809219833,2.50774567844076,0.235038463043649,0.399111534775111,-1.52001234560865
5.84174030876281,0.0522444680180615,-2.53188630324534,0.0762550374254328,6.00593870183076,2.88319873398242,-3.04115531571191
-2.2272309776354,3.38539601060675,-2.36390155347672,3.60180466252032,2.67872408198066,-2.93008191604778,4.68412678473587
-3.99433523555263,3.44120623755493,-5.22552279879888,0.349235883402135,2.70343152501959,0.633661657861313,2.90701923727665
1.85155289620655,1.02132184303284,0.422581871122551,-1.0297278716435,-2.49508230555125,5.55293205045743,-5.1689972054091
1.30200768948485,-3.99688055392406,4.13321730408114,-2.7717121945827,0.126780679608645,2.95155570378486,-5.13163105781528
0.59499383318773,-1.50998160513346,-0.744989998414627,7.02537229384089,0.974080568103062,2.24431948824253,6.45691838935712
-2.45494211873637,2.19231458815601,-4.56494689032303,-0.418349348617598,4.40920049998284,4.63684660756762,1.69706623750733
5.94105690652189,-4.79759548685199,-1.23434992439105,5.24071507588617,1.92518572127129,-2.13741887674946,1.17052821807782
0.0901879106549449,0.755396766330525,-2.18335100785367,-6.74533951802286,5.11001111328968,1.83187906306562,1.80687426495972
-3.78775417707679,-1.30750996500363,-0.939729181201799,0.897039411514798,-2.74291331624416,-0.00679068101144104,-7.33717928466775
6.99300211315345,-4.17150558483809,2.95671239200713,-0.668410604724698,0.293417314103644,-2.13008820569709,0.795747606257542
1.57246999954146,1.27705772174677,5.29376043739255,-1.29605512542978,5.85683205206846,-2.2395196470158,2.36008164804806
-1.25769712299176,1.61856072676331,-2.90188545015709,1.22637219162639,-5.33224784494887,2.36632799953715,-5.2633613998473
-1.89977358180891,1.13679107557135,-0.451151424628985,-3.5891583599095,-4.04630600390432,1.44886963386358,5.35400638292846
-1.36841001465669,4.09410096743816,1.39595129456263,7.17585938586668,0.265965652584711,-0.112345299149932,-1.75099461164894
-2.78860917416567,2.66089884190137,-4.75244300825843,-3.76404272636509,2.83274739362864,-2.27462416174477,-2.17752651972108
2.18128493533089,3.24455256982042,-0.685012609728496,0.101896084374607,0.56672764146579,-4.15925184925863,-5.63433212275444
2.08469516380712,3.47382149052305,2.96370985260734,3.10756492494471,1.34886662741613,3.04836587540778,5.32605161520177
-0.456618370850328,-3.18660459085716,-6.95228185167202,-2.37762468849423,-2.33874187844025,-1.66291914044505,0.284642002438748
-3.23794790791729,-2.79107251683414,2.55852063345356,-1.94860963006343,4.32510304690755,2.03004959114704,5.27273420283935
2.42462087617854,4.46847184361848,1.05509578618044,-0.479296775733107,-2.64981233106772,6.34612969111074,0.184757042476515
1.71978046036765,1.88168836308563,6.59129087168996,2.64492422511428,-3.33061982915062,2.71722193143922,1.84665279845213
1.6724435902596,0.221742192026786,-1.75921371676993,3.62723147431026,4.67729435170622,-2.7359564402581,-4.59258791131356
-1.70743718584475,4.02101134125051,3.36960012210804,2.89089706715233,-3.87947432944284,4.70106027094616,0.409777322940686
6.36120182226814,0.33443037964732,-4.26773062327873,-1.53707397892727,0.130699709557522,0.0180385478579069,-4.21669853447373
0.48954069323663,5.64488859516556,1.41745670582367,-4.17335011331128,-3.56363508272312,1.08704140267664,-0.914565531218879
2.21399939133366,-1.32930588928107,7.41429225727151,1.68018345758584,-4.18690586682406,-2.65245077244573,0.0435764099680223
-3.39105233260437,1.6999295295357,6.87166345484784,0.0399797176450095,-1.72075294966154,0.835455734366503,1.51905687624963
-5.28021276288524,-1.54735501821962,-3.92492959344276,-1.82461278387763,3.67721077553343,-3.04133528324216,-0.155951061685445
5.76790994584342,-5.84541111600836,0.336538031096404,-0.286115811480673,1.51351504843577,0.928003297071136,0.603616011067308
-4.31730376213478,0.987105436827835,2.82275395276215,1.33325120131715,2.38875869237123,-5.52314129137919,1.24770646049411
3.3774811957644,-0.526987554351865,1.20512221739057,4.45385105424427,3.14762247542553,2.00728661629422,5.85917777581577
-0.408367648298384,0.809418984682193,-4.42272400353851,3.30386903722482,-4.65355845429958,0.716474476313422,3.96220989436382
1.63339894301288,1.29150682141673,-4.3609643265328,3.05115009038693,-5.37858247777095,-1.77015859520407,0.782513005175274
-1.80030842420442,4.37729887782026,0.409571992607473,-7.2413047474233,0.466964187484446,0.747269307681565,1.698562988462
0.552964925549111,0.61843871173898,-2.05213457302274,-0.632988552860837,1.02359272816428,2.20694184397089,-7.57175985237124
-4.64869280036974,-2.69129648699822,-2.84625137611864,1.42808760522156,1.79692943016932,4.76354536105904,-2.27748850582574
-4.01931067128,1.9397347411507,4.66022265758885,5.36756599624165,0.59881109447092,-0.994072420541819,-0.623905354586047
1.8804253807225,-2.10403469153856,1.67956614954487,-2.56507030716563,-5.65858846816513,-5.11757595575086,0.664005754412459
-1.29287083924934,6.77769636991261,1.3350501029396,-3.04990341650766,1.74935253824542,1.47055275621734,-2.28805094242989
1.33715288821592,-4.44280809718708,-0.280112371714624,-0.511154223433813,-2.38454759649352,-3.6298843405649,5.37678935378485
-2.24342012730441,-1.7735056466224,-4.23442246974076,4.2712292515591,-3.71984971448017,-3.92730894296357,-2.34632910380174
-2.62847476501117,0.132880966510815,3.07100175853483,-4.08826479608748,1.31622620260312,2.45036677207222,-5.47856288321711
-0.465629896917982,5.2020445373434,-1.50683382138165,1.98362239617996,-5.75215551523533,-0.839326620174977,2.95199256310341
3.35915623190641,-3.53235296672193,6.43770837379884,-2.25459940063643,-2.06108330665226,2.75182332519868,0.96092688441007
4.28095959635327,-0.554042952909953,-4.04240753510473,-2.62393518855525,-3.02514048386962,1.73338438771444,4.81342654562306
-0.0155439540060005,6.19089527903955,-1.50903606665099,-1.54565633535466,3.69955815254604,2.65854556936988,-2.3233550438374
-0.765624411544726,2.77450702876123,2.33914960602041,-3.60166450984116,3.30679369981724,5.11871998869801,-1.22232029181139
0.607448569595776,-0.0241354234668869,-0.0336176979055245,-2.20204929916703,4.77661711901296,-4.24029426386009,-4.23324815798842
-0.610147008463637,2.61673475757175,2.01489112588371,-2.66172509768189,2.06712176141068,-1.22533278372937,-6.68487144307404
-1.90690179194607,-0.975812129130809,0.871643122468484,3.90377242677462,1.3403114969454,4.99663646111322,-4.51548922758409
2.52690414625949,1.02294396166154,-0.874487641280089,-8.1992147499098,-0.208966499823353,-0.164913275347373,0.499127319852982
-0.693936502566463,5.93677131235863,-3.66989777793422,-3.16015209625998,-1.14257099879346,2.50298466573216,0.235672698818815
-0.54547740272682,3.45000597091654,-4.23895009661871,0.285621753114979,5.33557966189442,-5.44192145377238,-0.694714033564583
4.99324719352523,1.65463981911607,1.23886243205158,3.73549394825846,-0.954922126427864,-1.32879536221825,-4.5002547822541
-0.107186626963878,2.19662242800353,2.34722648344941,-0.556299839525678,5.2774971169956,5.11110417801437,-3.89299965491076
-6.2533761633423,-1.90949041725259,0.523528804153861,-1.82933085524766,-5.04696351094967,-2.02646564865561,-1.11087985647945
-3.59728663634486,-0.743918799143599,-5.47907926364156,2.23446139447197,-1.99879874172713,-1.20547580613127,-4.36756565205363
0.161396749991654,-5.92244725361167,-3.64715134560985,2.76796745669448,-4.48877747499951,-1.79066837005974,0.401230149332045
2.03976853915875,-3.95735189796923,1.62002177329547,2.62765685329878,-6.42731065183789,-2.31559489017933,-1.4392098854541
7.16148954229536,-0.272996480271327,-1.82340084169678,-0.114817659811759,1.38647789250612,3.37313116708314,4.61696188916816
4.9187491331472,-0.371024521660102,-1.4205586243634,-3.54053277352862,3.34217745618887,2.18116128317328,-4.48159584058683
-2.87698707020046,-2.30018084726215,-0.173456162203482,-4.33944232294131,-2.80143604008347,-4.14488085032892,2.03464458417756
-2.85939842842305,2.13667376891205,0.349858551408233,3.17294506521896,2.21606686781635,-5.76351325457281,-3.44662907166453
-2.42556648676201,1.47368377379679,-4.03588936202438,4.57802578525942,-0.579577088410296,-5.48206892272674,0.630628132647156
2.44335097162277,6.15694156254303,-4.28998151072651,2.00721085693536,1.25198493143085,2.48249698825071,-1.6892538651999
-6.93953607528457,-1.67538263905745,0.124465960888997,1.42036947519914,2.09507825803425,-3.89671841894884,-0.230892418821188
-3.17795536134819,4.44386118874376,-3.05131607687198,-4.90936739792932,-1.74119334673704,2.76056346187647,-0.836650373666876
-3.62255452802209,-0.514272779136148,-1.48060505382275,-0.404790713946009,-5.21034172608645,-2.86003202210715,-3.96318482799076
-2.41712348277762,-2.01646253983786,-4.25525373280976,-0.81365990207119,-2.91987903300535,-4.83200583001905,2.51328046668755
-0.632378649459398,5.4281304027601,-0.0832781231448698,-2.76091360115244,1.63154453724624,5.37325692800149,-0.351764780549774
1.62523698321748,-2.83297124425481,5.49141500813546,-6.07664291800144,-0.40511927505871,-2.46444020513889,0.407812525771179
5.17769168171006,-3.23970526259272,4.01384781830974,0.0418011184666129,-1.62129345458989,0.695125502179008,4.02494259607079
0.621591327357002,-0.0383777633018239,-6.31876848120365,4.41242353144836,2.28454257079812,1.03355567679897,-3.62336393038517
0.0500103279304432,-3.68110798338283,4.01968684302813,-4.14765859236899,-1.46410588318596,-5.05677063512744,0.153340692700627
2.21326342046192,2.46294410727648,2.43839864600974,4.74673889428594,-4.20695601497918,-1.65307271229898,-0.557477786664457
1.59575354685501,2.85128562001155,8.02857070941238,-2.27910233914797,1.12832339710713,-1.42734115093448,-0.48190076113768
0.183124972932851,5.23727279495639,-0.371042476369132,0.356323264536167,0.0437349415671384,-1.64532993064997,6.57500749798333
-2.14570225507199,-6.87077621062505,2.93876999917848,0.664895274280812,1.52025547230458,4.03798453609647,-0.487611789133105
-2.15859300741345,0.858948437452091,1.42348325385416,6.59777224216538,2.23185400039816,-1.02024965957052,-3.75038822421015
-0.416171432652585,6.08669077797581,4.61792881081778,-1.01526819441978,3.3118881012754,-0.383139114334918,0.0182806161559317
3.82670491967962,-5.23767108939812,0.491112007328936,-1.85789102471778,3.92201827471512,-1.37634819617182,-4.82369752488124
3.30238991995893,5.34851909494407,3.08409843645331,-0.551943568815033,3.91764213044253,-2.2383506113031,-0.140130297552693
0.903529378768132,6.83869243450183,0.690663678671699,-1.17510892085851,1.08164236666246,-3.33859112314647,0.437084832013471
4.68321091709869,-0.293807234428915,5.60938600520963,0.723158569934561,-0.592993230971919,-5.01608039226603,0.328818521692615
-4.51017481277191,3.26486717237724,-0.89435588492787,3.06434396430625,4.07968758992918,-0.994528297898904,-4.89802992488218
-2.89328085092739,0.311899797658102,5.03045975473232,-1.25326544267843,0.161177970150439,3.43889625402962,3.98336200112436
4.01759992495423,0.682188278931455,-2.70515181655584,-4.11667705627566,-5.12937502501436,3.3182929646563,1.08663708245908
-6.06792153691373,3.24287627507761,0.258288289587294,3.98989615689907,-0.199780427705629,1.83223340061001,2.0824339913506
-4.09563021215671,3.77632063942781,-2.68893942044731,5.27930131889806,0.364863582636711,3.41160390720453,-1.55343247529108
-2.00852294607044,0.335574907373325,2.45290017038175,-1.36893216167448,-6.94375779186089,-1.03010083650287,-3.06433347505321
-5.01513983153778,-1.69085913724226,1.07327948441462,-2.54506561494186,5.21870381514471,-1.27116715776533,1.04886798032123
-4.96171659027723,-0.653047700094408,0.14439374312649,6.01526009050963,2.02799893674053,-1.37791381074885,1.7474814903473
2.14928828308562,2.68084844885493,4.08559099242042,3.30799738947466,5.14452689017749,0.9042076358595,-3.83083836418278
-2.02371223892633,-1.60277911916808,1.65049805884723,5.01037016361118,-5.49660294586525,3.43610992685017,3.07438749142264
-7.55268973048474,2.11413136402089,-2.94828964129842,-1.25393092995402,-0.561832896460562,-2.67016656351283,-2.08918808086106
3.34188254078811,4.4719289126077,2.61295916274308,3.74036260424731,-4.70037042594659,1.25732049416085,0.918854933917704
4.10384962871664,-1.84886530484246,6.41380166542744,-3.76194540462739,-2.65403103415184,-1.84298560569627,0.939306707812829
-5.60897515092481,1.67068795680424,1.8636833668522,-0.470612135906375,-2.50084242053961,-5.8482567287321,-0.495218090891794
-0.205826688863852,-0.431646456267012,1.95543489066127,1.23761496749564,6.69932447195569,2.32420505565347,4.12302528284054
4.14932018477431,-1.63051167826198,7.41101198755786,-1.28425983837202,-0.0721480222524551,-0.488581639009484,-2.28162040909729
2.05514722035027,3.67061862982242,-3.49983525858571,0.0434679404278148,-3.70800995585653,2.93949586168188,-3.13296645820717
0.0845404020787019,-7.90704418923029,2.75894402771897,1.26056480800759,-0.682794318126991,0.550716395453257,3.77135674589389
1.7560703951405,-4.50408461196723,3.34159035153878,1.69544004136399,5.09510408768504,-2.43814861040616,4.44047481878112
0.880176025055144,1.34589463298143,-5.02812998015094,2.8965826587427,5.04830809647626,-2.81579664668475,1.67794519040175
0.545109358202619,4.18513481215078,4.02315117186697,1.28072280163408,-4.11856994923062,-3.60089335019984,-2.55212889986331
-3.39264023923998,-1.35492375302407,1.83261991628067,1.22756677278233,-5.88167175180954,2.6149528452174,-2.58466305332963
0.12702355127768,4.33125119191809,1.67707934858988,-1.82470807708256,-6.68218837859957,-0.776727316334222,-1.34051441045938
-4.35996734379019,2.82008423977938,2.00777346676032,4.82145634171242,0.173656545235214,3.58457848488775,-1.53361867858023
-5.20362333183945,-3.29707409730963,0.623850657734994,-4.22494139457319,-0.527073134848911,2.62128448388955,-0.204209784600982
0.047967488050993,-3.66600953756201,1.20511246295075,1.87398845871072,-2.21264413387915,2.5592736545201,6.73171586024768
1.25346965945594,-3.32777065703229,-8.43554092661836,-0.427739255609568,1.4864563307833,1.67137399246682,-1.23380428128042
-4.60011512017564,5.62173730591127,-1.71987282437067,2.45894642048574,3.34891828651443,-2.68783297315299,-1.13424892869471
-1.24067506927717,3.28506666256781,1.50303456854202,-1.54183913169161,2.45156792077431,4.24782577954568,4.8311074466077
1.30346560838215,3.95934660035494,4.87287597897186,1.83725031357291,1.32394535431268,-4.56277390145255,0.168925358535114
2.7121293846835,-0.705839788450925,-2.71552043104243,6.24571886727465,-0.266402450302613,2.88588333099214,-1.73929154382892
4.39717644990125,3.57245614486646,4.49411179291826,-2.04407315570332,-3.87203915551086,0.399282635835109,0.160666344716633
-3.08046340310211,-0.914601917464355,-0.0449413577555785,-3.54924365814901,-6.81921889002241,2.07055135945826,0.579581443588046
0.254369337609473,4.00190392516134,7.05816553510812,0.550281458937293,-3.37839125564783,-0.817480586016763,-0.970111911755243
5.64201583142673,-3.33743922173679,-1.1416773522484,1.46671316957224,1.39836325005657,-5.42628611963232,-1.87191599718872
-3.7242684977366,1.23888406070832,-4.01786921403783,-0.652041435080474,1.40634035899717,0.548218827300686,5.92162520917273
13.9966196678994,2.24013188492334,-3.47497860806515,9.24028102461601,-3.08398561669253,-1.76255435364194,9.1726715270859
0.92629710240449,-6.32352996238241,2.96049379801706,1.36999704913751,3.29354343523019,-4.31175494332627,-1.82723322883672
-6.47713071997277,1.60425860127443,3.74887833346008,-3.40296172205538,-0.383094925719795,2.14322450842941,-0.173905624095213
-4.26730549523605,-1.81283032178149,0.624069870980077,-5.27128807728691,0.196199830543892,-1.19816699246231,-3.60570370920049
1.25382608502907,2.59475027705773,-0.996854334482522,0.542563400035808,0.280706088763168,2.61456016237116,7.1002929501503
1.62372484742083,1.11582563431818,-1.47281775556136,2.13012296947693,-4.99055767752677,4.72533204942911,4.30262079444674
1.06983142629043,2.89858171350477,5.48260244759438,2.60316388946386,5.52986228371659,0.995282397980952,-0.296868396744426
-2.17691348658185,4.63048394097829,0.761742727674724,-2.83999568219506,-0.914652622832538,-5.37942782930409,2.86931928252454
0.571597089644775,-5.88920973579152,-3.62993550781986,3.2965779011918,-0.591388928402528,0.803300191752491,-6.25728508750181
1.68431939610347,0.589550963035812,-4.93811957177174,4.20271685757035,1.15911570748328,-6.11611174598537,0.560017488316233
-1.41474164009718,0.583323474711344,3.90626996364751,1.58168585962604,1.59992109965718,-6.53838088787831,-3.19934155169902
-1.7719650565533,0.20266332069464,-3.51295303952059,-0.386604392781317,-5.96857423323709,-0.113662665472014,4.26838223514462
-2.87329368146903,1.0918952993369,5.18500277401204,0.790783949726585,-3.24011901851925,4.58516461921243,-2.00422653317937
1.02404987015272,-3.2368881363584,3.89674313668286,-2.779067379942,-4.78930707091865,-2.49669024796331,4.50011289975092
-6.08550506421108,-3.31052950794658,-2.80269046099106,-1.77149526460948,3.19398645286948,0.385799931279312,0.260335389523594
-3.3987567619914,3.02722649840908,5.07986626070936,0.67764165754472,0.0889777302190047,5.09673728854241,0.152751858728681
-4.66494152373595,3.19649984454266,2.04971207888605,0.331766304482535,1.48326629792513,5.45328843621406,1.70877124668634
4.21063384801723,2.21347215553209,-6.04586894279714,-4.49735881442152,1.29933624419954,-0.559057123331718,-3.13922922843588
0.0387713559286039,-0.523206775643785,-3.8649650922574,-7.05796535999321,0.425675892641987,0.543368397177763,3.44760766497341
4.45166203579953,4.16518268497461,0.361423415247078,-5.56383558080116,-1.10037073242318,1.82255207317927,-0.666770491465666
-1.57115572583769,0.125809515642108,-0.0762415536757216,1.85237909199154,7.4725793456887,-2.72449334819609,-0.145284668076362
5.43047685525555,-0.693398021551952,-6.04155676026731,-0.209479881423525,0.426821828364035,2.44670048872455,-2.81954005904807
1.71898985894182,-5.80199192366728,-3.24430767132502,1.02430968865772,-4.23491691417735,-2.01854729961668,-4.58123787159947
-0.543427458642356,-5.46761637296908,5.59013984631929,-0.394267560116857,-3.73629088708363,1.35053889369418,-0.742755273739086
-4.05622726117271,-5.13087128813702,3.56369583532136,3.89334598962629,-1.18734223099458,0.934334445699026,3.7782362180747
-1.94224340809584,5.00222490015642,-5.00986608100611,-1.15318757951579,0.879652201760829,-4.25390177221319,1.12062545758611
2.23002151509812,4.67612216507925,-4.71365873356242,1.11349309392806,-2.06576303272356,-3.160637993098,-2.30630896839612
3.31946366235627,1.41235675363264,-4.32099166252942,4.40060046624673,-0.0541116173845254,-3.0907510655635,2.19820893822863
-1.17516574250621,-7.96445072645989,-1.49475540101626,-2.83888093673589,-1.41682192466895,-0.39301282961014,-0.322663337729558
-0.135678149221656,-3.09996737957752,0.777080651595136,-6.8321234035858,5.38767519533949,1.27131925982909,-1.43645955315482
1.45299900448723,-1.83606102546059,-6.49585730896925,-3.06697315307051,0.033699053241983,3.50264383943646,-2.97858019411346
-5.18284393212848,-4.50451815087473,-3.07084549615134,3.58054650927601,-0.0575306365256947,1.78388254471298,0.366268359195933
3.72273580027863,0.296545766935508,2.81924145213538,3.06232512657159,1.00121643018824,-1.67603184843486,6.59036903783944
-4.69974493825045,-1.59912066815997,-0.229541534108981,-2.69847880589439,-1.76972050281186,-0.567662646703686,6.36022090818245
3.77365374208118,4.02094630400942,-3.68353778306279,-5.2925196450746,2.12883415583217,2.50953469428264,1.29898416734232
1.70597334186461,-1.38301760938423,-4.3304477289455,-4.18452545616807,-0.253598184775311,-3.11880603165432,4.65438844809955
1.57072246266226,2.81490012135493,2.37272527078979,-1.71284156998113,4.85696140392439,-6.61690341743665,0.710586254052829
0.458359255042618,3.39770365903523,2.30205473322578,1.20863359342021,-6.78184644190279,3.05809696376829,1.13885073720061
-4.00093822440291,-0.193198568899604,4.52749957959946,-2.55004734691865,-0.963420306931777,-0.846441442437501,-4.63715514748922
0.0137627802917712,0.801218523748756,4.95325619819082,-2.34407207493072,-0.270313412236538,-2.21865011584677,6.49770934600188
1.39566997771422,-2.5127371876341,5.88041126459211,-2.2482728191074,-3.97757188256411,-1.412872804154,-3.86432416617231
-4.51610443134592,-2.43135935935142,0.822450785227598,-5.78467477758381,-2.54225616449447,0.671587951602943,-0.0849851591917283
3.65511369854043,2.78382608852519,-0.646575537688888,-6.42664384961968,0.28111964065929,0.143978510561393,3.94165492099602
3.0448970785972,7.6064047432019,1.40529927427625,3.30000843499789,0.728315124202492,0.356054881713572,1.22917391550329
0.465837388282482,4.82651862986377,-1.31202074682974,4.92493402647921,1.45010307173438,3.72887738904309,-5.1284694257999
1.71300111787195,1.63199460314963,7.05704272658245,2.22120404510973,0.97935366772621,2.43780384684413,-1.81855023829118
-4.78211266206372,-2.43587524071354,0.290319088066934,3.89416086258263,-5.29670555911883,1.64752585561031,-0.0587748925685142
-0.799717334389796,2.08997520837735,0.705283330886422,-0.242395006550108,-5.04425557208043,5.59217975382248,-3.73800452166661
-0.0656567221214233,0.0937289565913566,-1.25191292977339,4.08938095775491,-6.425367913824,4.270672724117,-0.58278050629758
3.30387879324495,-4.92181123436647,-4.18178561982356,-4.73492684551082,-1.47078550067896,-0.826068986118509,-1.20133563035308
-4.48122435960967,1.27419864412192,-1.15570626044176,1.07252439742264,0.58148033340271,-6.85237445053452,2.11615983600681
2.81696346781052,2.83469839731538,-3.10332082691736,4.11108698624388,3.66353482706433,3.98030332367836,-0.400681245432323
-3.28211975649683,3.30050918912991,-2.82269721546937,0.388429054916602,-0.817963939696753,-4.54921458546121,4.35006867480636
2.18648019200801,-3.59333750519287,-1.31828585651514,-0.867792964697388,-1.20982638820913,-6.25301014150684,-4.38237662962436
3.30122336925256,2.36034399102027,1.06832358590802,3.37492297641026,3.57565639631254,-5.11568566458422,-0.346572872131606
1.13777471818385,6.70018178963237,-2.03040993590036,-1.73218428541498,-0.712768910739473,0.87822127495186,-3.50643967878679
-1.81634943927292,-5.3385811759918,3.19542226354924,-1.09905247202814,-4.46902114379057,-3.8543935783046,1.24700388599092
-1.79460818120264,5.80998125363481,-3.81436401050778,-0.481205253667346,1.34652739702041,-0.797884704840994,-3.91364061613816
-2.87832242168414,-0.910961800368364,5.62396982707188,-4.73148268293017,1.09348657828413,1.61437720063708,-1.13252747348775
6.68519172583659,2.81463304359244,0.717841616323846,-4.21059811062795,-0.564968050183143,-2.51195206648418,-0.282288169314991
1.98086765802442,4.17063808082984,-3.98798001510412,1.31073192902693,4.50033122236805,-0.850835091132197,-1.95757741021749
-1.63902747396402,0.762273800644877,-2.01197209489524,-3.57112595017619,-6.81393731409493,-2.13552470311677,-0.603975719057498
-1.59707839117265,-3.62385866611479,-4.01134880868108,-5.95650619509304,1.71028612973608,2.22314963165798,1.44268305279663
1.5599632408304,-2.2639040314653,1.40300259491481,-7.10021514289465,-1.26018196212473,6.10864099796644,-2.56721259128084
-5.06562770373627,1.43433968396372,0.820751319786611,-3.59059903221897,1.9242087569046,-4.46938034307851,-2.44412890036884
-2.62244828010463,-4.33526542964811,2.42666587751415,7.23586343616207,1.24530313439886,-2.73163293183587,0.318908449619901
10.5072147845034,5.37087158536354,-0.597110108018403,-2.92715349717099,4.06360254409245,-4.5984834160763,-8.12605090613212
-1.56233392756629,-2.57271019826304,-1.94011961588331,4.28077965715362,1.35183021092742,6.85238076453841,0.928269007334198
-4.40680644699174,-2.42451587939346,-2.55659078729631,-1.25040702034255,-1.65132493377243,3.97084086967241,-3.59989356636388
-3.08037292407652,-0.0326855092160119,0.964546067912202,-0.846122021996929,-0.32823009468945,-5.29108963397652,-5.21145834994751
-2.91634333192614,-7.38763818872004,1.15421235558925,0.787537228410492,-1.06235700525757,-3.43831451384717,-1.42697355158359
-3.26796838659569,-1.38918923097666,-1.99227843623076,-0.00708368555273754,-5.41664375850204,5.11965780427573,-2.10299634248097
2.17940564625566,3.84026999338578,-1.5129995852557,3.39279293685681,-1.09095838540491,-3.63694648123319,4.89348136793943
-4.72633321441855,-2.03782960358261,-3.84463734290481,1.44252937803884,5.24251822626115,0.450442178644956,-0.579185862579579
4.34547833009356,3.92462715655282,-5.00640302249731,-1.71754685548266,3.6761641195974,0.0245604979238026,2.92101962760773
2.31399046622133,-3.59710458550743,-6.06580346017184,-1.2302654231438,-3.16517554080703,3.31839001699368,-0.115049157451029
1.63954698178481,-4.72267185794203,2.87429690406236,-0.627527728462441,-3.70033091747801,-5.33893313506695,-0.461766132085464
1.78750535522415,-4.26225048909195,-1.55651146647414,1.49418111707828,-0.635492547627534,-7.66620280397583,0.0513714695658992
-0.903933661827654,3.46908788906605,-5.24801545690573,0.254399749699553,-0.826909039315776,0.723026285950465,-5.4549728122927
2.99440939030334,1.77292887061687,2.71013474265264,3.28620820515014,-2.18096098146509,4.81591883042214,-2.76173427465964
-2.48439631331509,3.55018949817174,4.68316398130771,-3.29020349731055,-3.08321712184515,-1.46193035758655,2.3790836617932
-1.32453290984189,5.07691915208438,-2.10065701225867,-4.4183161256656,3.56099366939312,-1.12102054250223,-0.625137456105565
-2.88471163256315,4.84914934249584,3.43106597353076,-1.90841082594088,-0.512428548805254,-1.74749154211013,-3.77334954521221
1.73071162423397,-3.42820976693956,-6.88338708009887,0.144270877226038,1.98075920495742,5.53936634437789,-0.192541220437604
-4.44998037615922,0.710990506989789,-1.34039767890714,-3.93175922772802,2.93385130332898,-1.64641523466569,4.48742340478194
-0.0129138401746664,1.314478225617,-0.832537254227556,-3.46982387907248,-2.09800645564864,-1.88238880203763,-6.86279597016356
-6.58705197870376,-0.215123254882258,-3.4055279990966,-1.53096329872608,0.465322359956214,-1.63234088979065,3.07851611983396
3.97609962761562,-3.69062461422081,6.2448489125665,3.66362729266592,0.00758451511999872,-1.56845017575674,-3.68333818336728
4.29777453354006,-4.52053382318945,-2.52732725148624,4.05783152931453,0.833420988647079,-2.31532071920861,-4.93629315370982
-2.80620389065563,0.249337359734049,2.73488318655541,1.5093616034666,4.43721719236348,-3.55450960517024,4.61499288565915
-6.05670248481965,-3.39679267188905,-0.650915112204053,-0.974088722196089,-3.54217221278535,1.11638402692549,2.86686069023004
1.2879954888906,-0.0696481957853259,-1.18325998926421,0.069730187103093,1.0150404882765,8.54866901011919,0.00736811726781973
-5.84782032248909,2.73047301952132,-3.62238529610481,1.80264294448078,-1.66766092064824,2.60292332051068,-1.76755745495032
3.75832042856242,5.47466133872066,-3.40505772951545,3.52186531882471,-2.7242450521037,-1.73342925973039,-0.662028722981146
-1.67543615264757,3.21854368927923,0.898732113172871,6.58602041679331,-1.14938566753012,-3.77948905299081,2.55156119194927
0.845445847258839,2.89341940412277,-0.288964254274744,-3.04254041068172,-6.74757305560682,0.420383884292174,2.87262287867015
-0.253543771660472,-6.03362621268151,-2.58190335503222,-0.452232983102427,-5.08565832122214,-0.661360174893324,2.39156796532945
2.2915162379909,-2.03930680912613,-5.23515890266515,0.0757152761377113,0.840861872235933,3.38464582167696,5.102717061826
-0.477837193629698,2.67461548232329,2.03076564596031,5.52052000664827,4.23308366491339,-2.57699401511947,-2.62987181730196
-3.54787421997891,0.460324836401894,-0.818072715660031,1.19821554545949,7.81850131906664,-1.1650478837104,2.13499984166092
8.09253843873121,-0.745696377728165,2.32801039683537,2.54833237840594,-2.21564375567137,1.11110309350731,-0.321882345343289
-2.58236114235567,-2.22544729442494,-3.88426338252697,1.41938207983558,-3.18219123381312,5.63450042596452,0.725365191264181
2.35303057270763,4.59729756214856,3.08547824519751,-2.72861416250326,-1.69074587060732,3.80133593777547,-2.59450207177981
-2.90312152341155,1.33436393448306,-1.6586032780945,5.20852647085691,-5.7940302011005,-2.07958894651803,1.62389925762461
12.7667840304537,4.09271222158802,-5.11451692922896,-1.26590093584765,-5.88051615776438,0.703501076145686,-9.06076198359614
-3.11838850162972,0.514160667523991,1.09843466767497,-1.58521682527503,-7.49130034668539,-0.255789764917749,1.71101530164909
-0.685944816362583,3.05825646521874,-2.03647683019123,-1.37667236581858,2.58978774241181,-6.64436000537411,-1.33366073619381
3.80160373594701,-1.4629788356793,3.69253870457346,0.415953220370788,-5.5189357727127,2.13032027735296,5.26099813697246
0.705203158244586,2.476216287432,-0.413508551929092,-4.14532660792121,0.670207065417145,-4.45920424843561,-3.88762598371517
2.92478026182207,-1.30148067763605,0.162204682521073,-6.78372388219148,0.802585188245813,-1.88022687961421,4.19426334401615
1.6095683902991,2.87342384773335,-0.967345682932221,5.09275871185336,-2.08710271068581,-5.15605398046963,-0.82662129064492
-3.36104723426819,5.07054861967786,2.94860771617348,-3.17162622428117,-3.29516282484446,2.03678541507047,1.94638658729717
2.30752354762392,-2.42477956951193,-1.58838104516709,4.88086500316333,-0.472749912620415,-1.55190865737838,6.24119295376738
-1.38461338221218,2.66091011192959,3.95985160908321,4.96209893507399,-3.28242441452851,0.730141298070323,-2.32303212713793
-3.66599186057424,1.59291476264274,-1.89791275580055,-2.34984412617459,-3.26759085862942,4.90971617028187,2.35783132434551
4.27189895071964,-6.32549725522452,-0.884984240999707,1.53028512176833,0.935454500160077,3.33258660227616,2.14341517779088
-5.0088778435523,4.53346938428739,-2.56802854400643,-0.858927867854187,2.92086544528909,3.08010379190072,-1.47769678292323
0.980636541412233,4.65576025649448,-1.11497600093228,5.70795902263428,-3.07724593644084,0.317256916953691,2.25275061840263
10.0382503019213,9.68329697338361,-2.12902902258569,-3.65140856177514,-6.19221534339972,0.836225613795995,1.35875758285354
-0.262264079902424,-2.41529533299126,-0.733365955026523,3.03997942818957,2.61591334128689,-3.03301195069614,6.97429249994869
8.66680975427292,2.14325896101872,1.7193463577731,-2.58358525016489,4.34782212554086,-1.92249157402744,5.08247150133833
-2.36462155490282,0.340591922437695,6.20374800763948,-2.36212721465901,0.103873877650438,-4.1283717075142,1.40433927886975
