-6.62320815314555
9.34585948225476
11.5973656600909
-10.3864930446648
-1.40333162910437
6.11533379748397
1.79481188423677
-11.4896115759577
9.45260034641952
0.751539015065781
7.18883964724184
9.16661632551989
3.24471686724102
-6.40713926452293
10.3858015923297
6.33290650371122
1.59650677446982
7.27290020256876
-2.72236053602988
18.1963417233289
-4.5158120183301
-3.78480963777595
9.60164615959611
-12.7199857105131
12.6473313610868
-3.83306598732117
-11.6380248616357
-1.26705676369932
-12.3416489632139
6.97024152352723
0.495673921464463
10.6828653186407
10.1252240989377
-11.1778099256888
-8.65459376637592
11.7240451234842
9.27006052784091
1.82086241866775
9.89311950902361
-7.70850254866599
5.79552767901916
7.56447813231409
-5.00482169347112
-7.45540623239631
7.08308941261667
-9.72376028683472
7.40165482095109
-0.0690638295638834
1.23835674434118
8.73040688675252
-11.5856420107151
-0.579931246981786
2.17256085306016
3.45240500398613
11.2154789997118
-2.61158215910378
9.78935215414806
0.142154327523325
8.35827599187946
5.72605257776264
-9.80830187685229
10.481041652769
-3.23656205467322
2.28032281645694
-2.91490049483688
2.99385078184405
3.89050201967736
-3.80477350637057
0.0202037017651371
5.68808560384575
0.64741815273252
4.85561692253392
-1.82493368394079
-7.1137624624354
-4.49648936237395
5.05707375397013
-0.799407591058544
12.1192885476124
7.66296505111325
8.32707002982322
-2.17790252049287
-10.395246728858
-2.13611334839616
1.85109516879632
-3.15331129887794
-8.76972280300035
-0.39798742904442
-2.02945514438689
2.01486635829006
8.4481771374093
2.61987721478884
-7.04902834673979
-5.55214450820518
-3.38252237558642
-6.84090854459954
10.8785904701674
4.01729347801395
-11.8671089873852
-2.77918113140522
-8.68560282118455
-4.00762978906342
4.95466321100768
-9.36122953262866
3.8566787713612
3.65749031932094
21.6792976472034
1.61303312183871
7.97785189364023
2.1490968183259
-8.64223663923187
0.619119897729513
-0.669873755606245
2.58559249292871
7.05116242399533
12.064388317647
11.1942706870007
13.2162771093927
11.1366769261416
4.57620735475163
8.92148840064818
-12.7891240814126
3.28631275867659
11.0322288608335
-4.27277214052174
2.29142383047457
-3.4482873611357
-5.26141033034727
-10.9139082459748
17.9633515014896
-12.9208244656123
15.4050613345116
-12.3091963308038
-7.88255655265714
0.711087101232484
-3.93991419279694
-12.4935961551242
-3.62471308598018
-9.58493968826584
12.4977710720126
8.47244198926793
11.2518975289444
6.50023099934257
10.349915684299
6.82017152320079
7.60966872536733
13.6690192531437
0.892630163893234
8.88380020155588
-6.12976080011667
4.76006920719582
-9.27483438651258
-5.87537672735692
6.75215419889886
-11.0183180448134
1.6442248497907
8.81141271587181
9.84214325080568
-5.11813034383343
-1.89047957520721
2.9149025629159
3.51948250582132
6.28015265852325
-12.086082512154
-7.5383225346953
-9.7486003841588
8.63339753414143
4.47504924339243
8.1047000545382
-5.63862358884427
4.18003562279647
7.2935139639871
-11.2259410861241
4.72974500139038
-4.82244692546196
10.0636939071622
-12.0471486629219
11.3039379748599
-3.10433560777753
-2.20331334434121
-2.58266490927417
-11.3617270357712
13.1265911939222
10.503774353831
1.49740779605152
10.8285797965702
9.03426502815044
9.68824440635509
5.75902416984664
8.15728967942511
-11.60223312953
-4.78180155172437
8.38246984483568
11.3811590053574
-2.99124830157169
6.07386110410057
1.41703026001187
3.7546687139701
0.0537255638356681
5.15188715606108
0.576040554585677
-5.36341331853317
1.96204691594688
8.02262529566448
7.46834322665012
-9.02214555600726
2.21340830455405
-8.44521291259654
11.3308678672728
-3.86081330624332
-1.25498344044233
0.19978981592821
-8.35531266996143
-3.95045571532811
-7.93992111423272
0.54271164203268
-1.64529213451842
-2.25159823711449
-5.79808085075245
5.92935276898209
7.54961575353448
-1.37892197411279
10.7290985931749
-10.0097426509779
-10.4873836638771
-1.15808996819865
-8.28446441818937
1.7557576671024
4.43466682172247
1.00793938034385
-11.071385223185
11.5724363712288
2.08697029001011
-10.2581326764646
-0.714457885822863
-5.42470571791062
7.80575672204366
9.00341719855175
-10.5487065388803
2.34811686924899
-5.59775622852516
-1.43113863926113
-12.2397660527547
10.7977062828337
12.0290892256625
-11.8135835361563
-8.11622922524291
9.10323237622311
1.98633039200158
-4.86618508303984
-0.00879220636163435
-0.616543201809991
-1.67816492609778
4.21379887599318
-5.08832862416509
-2.49217112827611
6.1817484584991
8.70395263898664
0.8043102177772
-0.94713026668403
4.8230421502515
-11.4135443052448
7.85572941136946
-3.68670458523769
-8.60912388136494
8.26561465609414
-9.05235811310096
-7.30006288666678
-2.14964626412108
5.16882994387132
3.17129266253715
-1.97144450311466
7.36338044329602
0.24773137472661
-10.28800462471
-9.17375958750981
-1.49460204124052
-2.5545339359916
6.03873693094426
1.04214950724063
-6.18612323359449
-7.96135858173185
-4.71068690697779
1.517255909468
-12.1826209443364
-8.92160770795677
-12.5209955369723
-7.74508121430214
1.45590589336243
6.66740237153491
-10.4505907411771
1.26779252409938
-2.95622573248038
-3.05544427294933
1.88560282534825
13.921444827203
1.93110541916666
-0.51596116433685
-10.6848003287298
-4.37742986628974
-12.9586044106531
0.431409444493573
9.12488231897248
-10.8727448698231
-10.0326686985972
8.77100224079606
10.4355431681543
-3.54989447260848
-8.09143981457213
-4.03764701825571
16.7582844106652
5.85989307216375
-2.45393869397677
4.92705194817872
-6.59210534130893
1.16680516117325
-8.79520727508032
-2.6620649808775
5.28285226980054
11.927511925555
7.14039888097538
-3.34842251178453
7.89996342064179
5.62157433612972
-6.98415003631137
-3.97604254682233
-1.76962554043375
12.6160249310745
12.8085882128231
8.86670530165758
6.62139386443979
-6.09297104456226
-8.57558835910033
-2.4225667343529
9.48614395116004
9.62748300126039
6.2513169313634
-6.55973408676101
-5.198951933554
4.05369486431763
-7.29676383423589
-9.34093319950207
-10.1322155606912
0.341881410014253
2.52197889053244
-11.3808694447309
-0.771060127700464
-5.92825080953953
4.60654022816794
4.78791271436698
-10.585165300305
0.214246997247639
-6.33728251130791
-0.244906610907763
-2.92966511696639
3.98678636931419
-5.45680767547978
3.96418102609267
-4.55457868947282
7.63195097219799
9.41591937702782
-0.981883905567838
-9.30266410993552
-2.6959600182828
2.05838757649495
6.8397295810851
-5.05783656906932
-3.47843611492626
3.59782299385394
11.8896523690392
5.40618538042774
2.4272808807822
-5.28956367906653
13.4445013967737
-6.89344013128669
-0.658080166932262
-10.7117081686501
4.11191773609136
7.43473595612631
-10.3305565500042
-7.13580675277153
-0.288539186605612
-6.31796611468269
-0.4265663101958
4.53772384343278
-12.7604060743308
4.63874096645641
-12.5865233244216
2.70341831456838
-0.497833980358655
3.10664856500707
7.70513056530631
-10.7576661918342
-6.21100601712536
8.53695664427415
12.0013770368322
-7.06383754295377
5.6596332572316
10.5279474491836
-6.46304513174134
-10.5605028516497
11.5343073070293
3.20910151273855
5.89246113301067
-8.52477176939681
8.2162851402009
2.22569328163301
2.87792791350177
12.4548871626355
-1.93692906572405
9.56548917093999
-8.37977982533211
-8.41986384306033
11.1010970117108
3.42067277427119
-4.07424685274011
-2.87186597559782
11.6672513162221
2.83287802395809
-5.61208704396854
9.99773020506927
-9.59402648681506
-9.41470159962231
9.3799685869022
5.01704344514905
-7.86511321880911
3.3808644185342
-11.7212485211136
12.3772962388689
-11.8809303666154
-4.2150834342745
2.54752097489674
-6.51086445939385
-8.0678860877311
-8.14775503448378
-1.01019692525514
-9.93258544018883
-2.35612511749329
-9.65630430686
0.398749873913864
13.3495055740002
14.7952426658255
10.1774702225633
-12.6751574011171
-1.71434468284987
9.95557605730765
5.48973811300199
-4.16061491220969
1.13724579065354
-4.90622405180829
-4.66118408393349
21.1639560177867
-7.74120454740619
10.6484713127596
-7.80485543754426
-7.57927191282199
4.08934345441391
-10.1486473453222
0.776917454277052
0.519847234222097
7.1006342956416
-3.19050926593797
8.19164396414142
-11.1350541823237
10.9890533673687
-8.87136039903758
1.20064451375228
-3.65390303019473
2.7748977483507
4.51247166055125
-6.81377677370586
-13.1109673275054
-10.1825049857359
-4.19154990829325
-2.83323448455984
7.33029435529661
-10.2416828061363
-5.71627919178005
11.9687993809433
-6.54103908746794
-0.454882484021033
10.0821049546581
-8.84566763695128
7.24686362933219
-4.67049060848487
-1.21918828887962
6.77792177525826
-6.71695442151509
6.30496767266244
-5.84869457972012
-4.46465096606643
-3.73688727663488
18.9594636700897
-4.42404529445227
-2.33572888508278
1.72074889705304
5.31944842713301
-7.37488229879764
-10.7502115804315
-0.192821407805783
-0.882099619375655
-8.52919758887009
5.33826862363673
5.21251986976156
-5.81710885917409
-1.03973194174093
-12.633689375346
-10.6198512951218
7.2125686547935
11.0581620123713
-8.21926713584169
2.97363805157924
-11.9600696507443
12.2298358832921
-3.41596215569553
20.0946793963118
-5.34545041251705
9.91812508374075
6.14970672880047
-3.57551754388365
6.5727511343581
0.97532550909067
0.854688275785916
12.9075703456088
-13.0518806992666
-11.6910625671961
1.10211570076222
-0.829076300909275
11.5001757745584
6.65042996205616
9.30803073384442
8.78154580363035
2.120343904068
-6.93875772639498
6.41819555277364
-4.97367914339097
-9.63801783213056
9.02764608781534
8.94433764455718
8.52925722902365
-5.39890198152823
-3.03495641876822
8.66391901626097
4.68088143719466
-7.49585399379426
-12.4076783619741
10.7524415884735
3.32160289340059
7.88623404319962
12.5481077336845
5.37771409003912
6.72090911649366
9.52726863819657
-0.316920591150635
-4.93655414783148
-10.8426581629323
-2.39466066280217
6.87280773829243
-9.79617153981824
11.7946766176582
-8.30502308238557
-6.65510373489195
-1.34990058001153
4.15917083165984
12.2884444141683
-8.8327920700085
12.2673392639775
6.47719276623388
-9.22989469271524
8.5981448429904
-11.0010340016451
-9.40554440971939
-0.558937608768349
-9.85642017896384
-4.73840596512417
-4.34496320035293
-9.54002649726344
3.56016775538271
2.39294573392971
-9.91231245838624
-11.3255799994675
-0.741363728583161
-10.1019611584201
6.91625870257392
-4.76165023061171
10.2345852891931
-4.10215560294973
-0.926597230913842
4.70446065802766
-4.12251168890523
3.48031935913893
-1.52629408675639
-1.13105791246968
-10.4266518492451
-1.86372144636768
-1.45951468765964
-7.18181877625537
3.69392087820129
-6.39522368076032
3.34730010060763
1.33559446688397
-4.25909295109683
-10.0705747221665
8.2916443654475
5.67057370860567
-6.95821878888182
-3.51063775867493
-0.131707960551837
-5.2467649568857
-3.88833450085536
3.72489109628145
-4.59244805415589
-13.0065017851313
1.29511176630682
-11.5228990755494
-3.33365415005276
-7.23862934354787
6.0149443151962
6.35227110229507
10.9586832075909
4.37809322164136
0.680886168698877
-7.99501213319678
-9.9763119817186
-11.1218465431337
-5.50953500284717
-8.24183380755552
-1.10578694693648
0.992299227810716
-6.01057774516706
8.07165291848925
4.24813996635808
0.936280361933487
3.80727902723131
-2.73687586583533
-12.3693529875025
-9.08835938120754
5.9718455899774
-7.43122616374129
-7.01457178781531
10.1930964646183
-8.00736941970974
-4.40904244937301
5.09070250157735
-12.107939052323
-2.01194672856686
6.43106056294772
-6.4416796469577
-11.1040789912816
-0.861861526179816
-1.07784957856269
-3.6005512998835
-12.2253276129351
2.80851858090907
-11.7935508969353
-10.9591374230928
9.66502949129304
-9.88930426011738
1.36463400359666
7.75221762534531
-2.62605634985102
9.72726290143284
10.299324945186
-8.95182396722308
-7.61595296406976
-1.19042153982951
-7.32472035185956
-5.70894405514777
0.119069785012879
3.1309985260103
10.315123902053
-11.3115229234813
-3.09128125318651
-6.15295181154307
1.0773367770796
-0.162364865716905
0.457241109468245
-10.8183354303812
8.42368998875973
-2.51391867974325
21.6155840300031
9.20322769325793
-7.27201259847253
-0.370612002683104
-1.55756265404692
1.56256133547035
-11.2380982987725
-7.66736103349701
12.1700429588629
2.7464324571842
-9.23221890995446
-0.335634960071493
-6.87419094095706
8.00084259613217
-0.0330497951970333
-7.55156887114091
-6.04873542217315
10.5980004376002
4.97280782866871
2.66324938864715
-5.6702703582501
7.49791885830076
10.9091321183394
5.24135385100387
5.55067058709592
-9.20349528727232
-7.64826030330742
0.0955116395033024
5.56920625568288
9.77670288775583
5.5100705077677
1.40041994360616
3.0361212210103
0.311003291646372
7.92336181060978
3.91555772986851
-12.8570062684125
-9.46692136884115
-2.83558076821164
1.69637577457753
6.20956736759935
0.367617304762533
4.3960366021633
-12.4316264227442
-13.2246677481891
-6.68149131056566
-2.07254808179978
-9.68561885372407
-11.4320670345208
7.00115180795187
-9.0629587087833
-9.48220910143102
-5.93308022256536
6.53065849765271
-6.25826205580983
-5.49488582572652
4.89894093063302
-6.74090123536988
-1.30757869382347
3.78393594291841
-3.71586364952829
-0.220958874742773
4.35356374138696
12.7165385974453
-4.89242456188702
10.6418573591469
17.6678920813233
2.48427365845024
-0.10583440354974
-1.80383521333402
5.83268742179696
-1.62104555187696
-8.72416997981833
-1.91337028637339
7.77911337774009
5.95851663122414
5.11324444891645
9.23100678628752
-7.39759607230224
-3.29797068185731
-4.62583140444429
-4.31387617593042
-5.13042525943342
11.7553311395295
-2.29627324275727
-1.74020056416777
-2.26979251407952
12.3236036539408
11.470995368913
-6.06843434364287
0.276703708041019
2.44886728268054
-6.29686914272724
-12.0224279919219
-11.5496670745598
-5.9922786614432
4.3128105123668
4.28876761199836
-8.93837973133657
-11.9409589568256
10.0266084068319
0.835358372441121
-5.77543926130828
-11.750538431487
19.7824641299833
-3.16736547692209
-5.07418565686124
11.4222005128481
-1.5833911721342
5.4431656124754
-6.78435914669061
-8.17301209123426
3.6094521989983
-5.17365832738121
-2.0976182197109
6.93747714209218
-7.834817162188
-8.46967047547294
17.7521970974825
3.08137973904708
14.1784240669608
-3.25557175287531
