-0.206257961734275,6.96075323474739
-10.4822902903169,-0.720040419150084
-8.02190439591675,-7.50578081516254
8.00497157601287,3.69323992112093
3.78650768121709,-1.95300635564093
-6.39924214084142,-6.06960258878584
8.35786925779554,0.429049931357807
3.24449088322176,9.3998160936335
9.09132535346349,-3.57294491458505
-9.46644865794351,2.68625110018932
-9.85642952246735,-2.7996723992606
7.01565123025739,-6.40181562535011
9.12330128156565,2.46389180659275
3.89527254207934,5.78071801759838
6.38588164692843,-7.62718946545506
3.56866040102858,-7.41046407022786
7.73086423159553,0.762122672163967
-5.16040400325213,-7.83743207637433
0.692404274595967,0.787549662196566
4.53894401783944,16.7479645662862
1.42497718202184,3.43522808074999
3.67119200047551,2.31970135611555
6.93058488234189,-6.84401410728954
7.45125924214861,7.02143490575779
7.16876379117937,-8.48808091547621
-5.90583510371268,2.46576751177579
-5.93141145733914,8.05728602503287
-2.65950769757565,-0.812025767115437
-9.44168879108635,4.31486364443216
-9.06972946026152,-3.87630441074645
-8.15416173988652,-0.410153326573553
0.762551404165899,-10.2795948547218
9.72974378303305,-2.28125993545687
1.27896257438434,9.78060002143455
-6.75803785192933,5.54043464904862
3.50753752475507,-10.0226701444881
9.82275019116715,-1.01027082087195
4.39009506329172,-3.49057592903721
-4.34821988237429,-9.41780103879116
0.785902881365005,7.96782316834508
-6.17609830385255,-5.74820588447879
-1.75832777466193,-8.98573551847107
5.98381344509724,1.52300426460209
1.65242373323091,7.50176883655816
3.31920232817856,-8.03089995991881
-0.912241570406136,9.17615121711906
0.852273315493015,-8.90093493621616
-1.39238032634156,-1.92411104417603
6.44451952261483,-1.65541785713882
3.80535834163247,-8.61295641064403
1.77581832187147,9.78100561774296
-9.30975436988065,2.1496066337137
8.31575904678625,0.949224351514572
-9.85110380590634,-1.04366630622793
-1.80719380370898,-10.4317690324243
1.78142254176868,1.18736714488225
9.24496779794341,4.54625066539964
-3.96184530141727,-1.34995277111943
-5.99200394236392,-8.02714397752404
2.68884443903244,-7.37020978103255
1.63136270869628,9.03937848163793
-9.71734752850372,-4.46213364775225
3.49724190821001,0.298003440235979
-9.58842216643094,1.45554658466844
6.49907832425727,0.940192226944341
-7.08170011808146,-3.65260109282846
2.78732402087235,-6.05482643905024
3.39948117241553,1.3644495911863
-1.10448411365419,-3.41140175049949
-0.294365732686711,-7.80885244824322
4.13591725909037,-2.69959164643923
6.96282590191247,-4.49731576775958
4.39586092504737,-0.516636243611296
-1.64317241261743,7.16564712330479
4.45920780319924,4.01735227144867
1.46655944446618,-6.54283084306082
7.12958472273468,1.38883617142248
4.74281273401119,-9.70850849871326
-8.95513478956348,-4.24837929771472
9.76293413226624,-0.0698323410682606
1.9666444957773,-1.07346960381334
7.83913516553281,4.22631066193949
-0.151473250329561,0.315350300494574
1.59273993588634,-4.56404864833615
1.33596641597903,1.86189268975982
7.40304667124998,4.03098785155298
-0.28243813554876,-4.27991620985887
-0.957876798035626,-0.5862158489603
-4.56537087793683,-4.30170656581577
-8.32180656525105,-5.85725755045886
7.0458639347379,-2.47086459865134
2.5457303491533,7.07313221964518
-2.05583226643771,6.74715202743193
-6.76740543508431,3.03474206634288
2.10583043702659,6.67544783746454
-9.05632511627371,-5.94398236123422
3.23980922516737,-5.8960633288899
-4.78568126483922,8.92793583568268
-3.39196310208227,1.43989747667057
3.25047514960166,7.93216443298736
5.93515426375477,0.260244378766595
-0.861682114419018,-7.28329304218936
4.26444300427043,7.73836394864014
9.36686647010884,3.91031136772404
2.5409427192294,-5.69661968713351
13.0610445960839,-16.0855973990697
2.70481529260796,-3.99439648421466
3.28752092649013,-8.58991859057904
-9.83973710383997,1.22585146173616
4.67929512239205,7.30784089300814
1.89868436190008,-3.56359951487648
0.0708882461723561,10.0879193205793
-7.63924883471136,-2.71098528737189
9.34955450106446,-0.760637916098918
-0.993114854893657,-10.9538546180387
-10.9217789798159,-1.41055684007621
3.93919652626781,-11.2176063036248
10.4284913238183,0.265644499463691
9.64738470192779,1.48408018281819
4.6184222295293,-8.12054458542017
7.11815937795219,7.49901035543136
-9.60052131539302,-1.34985058491128
10.2889236390673,2.37106671844301
0.741881077687131,1.39880115955956
7.90461264090693,5.1333399902395
-3.89639879225029,2.83494763337561
-4.87507252170188,3.0711083636796
0.716174031520501,9.78998069559659
16.8854578561805,-2.00059239104389
5.66442917060479,8.87458453786209
-1.69173970059198,-14.3688575198074
-8.09843575695334,6.56906972012725
-4.66081714419132,6.31907412516799
-2.09319851463934,-3.62132130911068
-0.82666522396789,3.18257322315456
-7.67366582406219,7.18389134254991
-6.53069080343486,2.56946281324222
3.2309277026232,8.72374268104865
5.54641115603744,-9.53263541528562
2.73585594273369,-8.84597365526497
-10.7821075050181,-1.98484654353139
-5.36719602301634,-6.98562207985736
-6.04296689992233,-8.63221948404157
-5.07919805571615,-7.92003706201568
-7.18865088305464,-6.68583441594192
10.1035535420516,-6.96530050694746
-6.68060038473773,-2.16416613036798
-3.68680327039825,-9.19648198906438
-0.678361734900747,6.52222371741546
1.02266300121819,-7.07265621547208
-6.45721260321799,6.34950389469122
-5.10612714117281,4.24757080443741
-9.1432370729889,-3.62090877531224
-1.57949461001329,9.74627453315094
-8.38290195252395,-1.01540555298899
-4.11866155416053,-8.86030021235535
-7.90463230104492,-6.87019078468908
-1.51738841418004,4.38563242126573
-4.53261697696662,0.378026394136969
-10.3573889055452,1.76988400397695
-9.81045572405996,-1.7930369491458
2.88696336484624,-7.98301411663152
-0.856375095069175,10.236807631568
-5.40386188383916,6.1168914520451
-5.30749876561023,7.60604615923704
9.71945215989569,2.66806654661653
6.91389783735795,-4.03659556025765
-1.37722858448764,-9.2981735654373
5.52882327061226,3.04436582773701
4.2229850842288,-6.3975671380113
-0.233152703138252,-8.95089650596308
4.357419384648,8.80857094712074
-1.13884579341849,-7.008803958778
2.10716796229835,-2.23459717428215
-3.93290866389082,-9.58498148857168
-6.49578671786431,7.92377925663824
-6.61654354238022,-8.68427463181177
2.0326000092229,0.208335085820494
-5.63317770402639,0.514711154413178
-8.11380653190896,1.96613791614455
-4.98413798836236,8.66982118127993
4.47557040115182,-10.8688558151382
5.56519480655866,-8.33178946131843
-5.18414500466339,-3.78740995725084
-10.8866164566374,-0.336297467090807
-8.86314543828862,-4.98388825828617
-1.47556500873248,-9.79466990829631
5.25096865021538,-6.53518674501121
8.7301250154516,-3.39641268317318
4.95589407875535,8.32593278598553
2.93921187283919,2.52984522753769
4.18650527573422,-8.24730966679901
10.4307736537134,-1.46569751442668
5.52058028361197,0.728151243436437
-5.06638153473526,-6.43779680598002
-1.01730082134509,-4.45024430664194
0.131045101417218,-6.03206681667582
-7.22581375421215,0.185860187023408
0.193567269859283,-7.4563538810224
-0.72375257617715,-2.90840800805197
-4.43076545541474,4.01796812939562
-6.31217846221062,-3.41617719616228
-7.56815167279357,-5.71505600159607
7.03781696347222,-5.33586218500549
0.0392903952166208,9.01858487942837
8.58579899918749,2.00713301951936
2.44248178637583,8.19736396159009
1.30929599819623,-10.4421762037357
0.729531192303141,3.00724876699806
-4.0006204217646,0.148275316401668
-9.43723501971205,3.88425665092902
7.46099801761778,3.51541305525986
-0.224517502829882,2.738220388378
7.73428175027162,2.56428576139192
-6.56270553716823,-0.841927420365249
-3.4571060769434,0.725807269382241
-0.252685259179424,0.900636521787343
3.49803541343261,7.07300992661297
-0.732327423330107,-8.35345123401781
-8.2466192144726,-5.4232087111975
1.97524195860674,-2.94907324418088
-0.510473537162785,-10.4117105079497
2.8240386509371,8.95605879467427
-7.99697745072117,5.07513128216989
-9.69001091658764,1.9674985619789
-5.20766394419466,6.65389023472749
-3.64481445623214,-4.41017729626329
4.94997742769734,-4.73247567418949
-8.86266104065089,0.377067203067351
-5.26494339059132,8.4385467721737
-7.42349242934799,-8.14996039564893
-9.60016349473171,3.26407522445629
-7.31394829966366,6.14079995732272
6.7719287975462,0.266062745230462
3.91598478462233,4.02239774055143
1.49214756689731,-8.9463307396785
6.59030810330859,-6.85378246106178
7.23676104334264,5.81040220666586
7.40426465611765,-1.82170500972767
4.59454983441471,4.53439784159896
2.40345865484737,-1.60015528309385
-8.30207286587062,6.07837626097783
-5.48668890480568,-9.16730221931741
9.53361291503721,5.41254109547395
2.59724527943885,9.66215803446507
5.18108951264381,-2.16156043612426
7.33284044229635,-6.06668758554274
0.851675217053591,-4.73428399475007
2.12102495619664,4.62229467147223
-2.57824179013301,-2.09653354466815
-8.25203240364785,1.06922449274412
-2.69050862930401,0.336397715831604
-3.16861595344895,-5.9499098028927
-2.68979537140137,4.26652504357507
-2.02412004293057,1.84651372361988
-4.44493068883768,-7.35742364462625
0.76323602136956,-9.52380849138197
-1.67157222097893,-3.89662008318914
-1.1643710921934,-1.43169215924055
-3.40640892432843,-6.80476281492068
-0.217848727312795,9.92812696774452
-5.15928651541493,-8.43517235818334
-1.40991185656621,2.76144803008992
-4.71349157081995,7.45038560368809
9.87289502033255,0.793915418474108
6.28975672457191,5.96709553955937
-8.35542216329596,3.13580424432803
-4.38576107780321,1.06542681012006
-2.98517504521555,-6.93922400116607
9.18938472395311,1.38492742968524
1.09908134280215,-0.971767262839782
1.80144664051194,-8.62602411066581
0.0328440339291937,-3.94765708873246
5.09755316499724,7.71282104894131
7.96780537378424,3.0435496974457
5.36688301752952,-0.99136577842169
5.5585151347989,-0.251944090982596
7.6847073343836,-3.42552499624979
5.36868377577303,-2.83874751688779
-5.73101045959051,4.00304239404408
-6.0492205506379,5.57561257794687
0.666950810750178,4.53142512563622
-7.91134926182548,-1.48474142615775
2.07121838058452,10.0892707408966
-8.11229590976663,4.12804742550452
6.36316962872458,7.9069614851081
7.22706655838267,2.21112279328895
-5.95279687513476,-2.59735535134852
-1.88665510202585,-8.55188701026216
3.74077730625756,8.55082973113887
6.01287074707107,-1.95737252406653
-2.68850442221172,1.76616120066136
-3.38338444753209,3.3845016792927
4.90260476054773,-3.00398761274169
7.64281755775565,-10.0518708745515
-6.68310950968185,-3.02715891563247
7.48527205777858,5.63603100637138
-6.10736656631825,7.56937964284935
3.00244148902421,3.60414321832911
8.5102998203074,5.89818435429763
-7.79217232995428,-0.780750212260845
5.48315632503224,-7.5438798554682
6.86666519930931,6.3026702078521
-6.87008476363001,6.44671494235567
9.63940266259145,-1.31629912520306
-10.0194762302662,-3.67231716685935
1.56719290927263,2.62547646150589
2.15080394999959,7.77351475720291
-3.60928882522013,3.95610943879439
9.3888932794117,12.8112988866804
-6.53702841543179,-5.60826339415429
-3.96695801460734,1.63922997866343
-4.32366782869464,-6.50061166502705
0.201842557740069,6.70923165051948
-6.90987320333189,-1.28607437221174
7.03561767148565,4.72934569308768
1.27502053634212,0.511542170450232
1.84744280964265,-7.54543835988154
-2.19162462145334,-10.814166478823
-3.28166661806629,-8.52381200548584
-0.463986637688835,1.37295764823766
-6.20891422739431,-7.55757404187286
-3.38159991904601,-7.56299122941163
0.736337203268613,7.26977421418602
-0.0610177428279246,3.53047567730663
-7.16152874757335,1.79533520646231
3.09699782231792,-10.7469628688591
-3.6815368353011,-10.9562244241527
9.85980347923504,-0.431953958402725
7.68947984123067,-4.12186376970753
1.72603986268383,6.02069726201734
-2.87582479131296,8.25461507024006
-1.48583569198765,1.39516523149914
0.26483142346919,-9.78070129101552
5.89486928659394,-7.64436847561233
4.09444045884802,-7.36726868785468
-1.60088206933408,6.44527262870473
-6.51167323109013,1.9881674156309
-4.17430206765747,-5.85152224626145
-5.23700156933871,5.58565725946776
-5.85878265491025,7.12856664679762
-2.45605649255805,8.92130421800699
-8.61153541072075,0.764093279606227
-1.28295156482973,-4.99589783439326
-2.66572256300704,9.63807640864401
7.26090251763777,0.204448327932311
3.5478230152612,5.17935361341455
2.33012456792853,-6.73351125861938
-0.200338603058543,-6.80814035397583
-6.48043891761835,6.95927284203501
-7.331229808804,-0.682947689488675
5.34198190813256,4.41319859530983
-3.9441439622192,-2.22945655131996
1.24195395469242,-1.90194020288622
-9.37566039386397,-2.83787700502535
2.50231294927337,5.07035322674688
-2.21193277328787,-6.18161631908702
5.26496042057062,2.41714737150855
-8.2922217705134,-4.72623033744912
-0.613646674223406,-9.75992186160013
-2.20429552502057,-2.85639767954188
6.47856373778451,5.50755756851986
-7.2629974291125,2.17641081058499
-5.7618756820278,-3.47121470771634
-8.47816708788644,-4.25332932830639
-6.76830429134086,3.81495576489361
0.989043165139308,2.3178422476668
3.31356967732899,-5.21033774530459
5.97153289335542,-8.91644643776449
0.399718547422668,-7.91193408497946
-9.62270066858845,0.139177841367921
-1.81409255111527,4.93216952964871
5.27493138953004,-10.8733837542852
2.63864179157153,6.30625980921556
7.74042704766545,5.11473641681459
2.17925945020311,9.41981026767125
1.8121736374087,-5.85702933277331
2.30741913167208,-8.63609148785003
-0.329560274573389,9.52596213736071
-4.09248924812268,5.75472773449666
6.97541736772026,1.78307799337196
-4.56463284119137,5.24383810984566
-3.29866004739021,-1.88906085706398
-2.54666722789604,-6.74578243677731
-4.83718057080082,9.51404921758374
0.770109277812352,-6.43633866962912
-0.023318698685923,10.5490839782695
-9.99925491745165,3.75198084975225
6.34592168715175,-0.273676857358498
-8.56440862195625,-2.57284829998601
-6.47001227992242,-7.17549582881378
-8.7708850822801,3.82397317381414
0.745888769866062,5.86140018444713
8.24751726802656,-4.23984817938908
7.33950657728518,-7.84978487655248
6.46980489875002,3.76425320901562
-10.2996295463954,-1.22470554675735
0.250366191348128,-10.2974121970105
6.5856050038976,3.07045160259742
2.49830843386997,9.18331372034942
-3.40226026796993,-10.223901698235
9.33793220985793,3.21648243400705
-7.2780558069572,-5.10009259615284
-1.34807296373625,8.40899614025736
-7.60353693748599,-6.14946537234259
6.27168099896916,-2.57054399596205
-9.94086078018839,-0.180952040459754
1.70170473328932,-11.0178106369951
0.154039470086664,-3.36174045439673
-0.970333129299341,-9.88149813013729
-5.0068806187141,7.04404189705505
-8.06159193569781,3.59101961575265
-5.99283726164091,-8.99632860811132
9.24644358052479,3.47445713128418
-2.99526822117213,3.00852492778825
-3.04814713088407,2.18327671807737
2.50223640112372,-10.3076564044087
-7.95194950183628,-2.37518916492961
2.0120769880823,5.36835278429067
-8.32132070965242,-6.41861386154019
-1.96598822064896,9.02979873913968
-3.49045443067214,8.27046161035835
-4.665391239047,-9.0468553427912
1.43413646244696,-6.8194495445319
-6.6167798493742,5.0262824707181
-7.76339334906295,-3.57959234584778
-8.55008117441556,5.20925323954586
8.09417521976873,-7.29160503975928
1.11558241560618,10.0768266410761
4.49956232594959,1.92296990049373
-9.24309231991421,-0.59523311392348
5.27719277944387,5.44960032631629
-7.73149645823885,3.23244463443999
1.62117620244569,8.19658254395628
2.87125912404045,-2.35191492222532
-7.42228091192333,5.4087273560166
-1.18950512064101,0.641018668418404
7.52477384160215,4.57327416615369
-3.46701184135469,-2.93165467029778
10.8140694394972,-4.98632850314274
13.0235426043348,3.73306937665825
7.79018858570088,-6.23467140425527
-8.96882961201008,5.66739987944526
-9.04306495336057,2.71527171788531
-7.97466616923863,-6.68087221905431
-5.79044836274635,-6.04674482363552
1.25045227031479,3.97849040062501
-5.09457551368549,-2.6005147534363
-5.08781307028743,2.41474711501109
-2.43611750164812,6.14327618167548
17.8723168954164,9.61112331007679
-0.966990967702143,7.7224786881648
3.66047074471763,-9.41283220214754
-4.31230541860577,6.80997142663363
-0.314881490081138,7.93255830412404
5.9672718421809,-4.9795033073054
-7.93934862368921,4.56876383172219
-8.67012637634769,-0.223711645227935
-5.7306285906459,-2.00579845101788
-5.90619296084996,-7.0516812126666
-5.73356747162811,1.50057135604202
-4.74839470094784,-8.64661285725985
-3.47661824159234,9.19921532820992
4.23351572123939,-9.31895503162752
1.4038693195414,8.6901221405979
0.82348432384794,-4.05460984179537
4.94298915551579,0.982135342588216
-7.34939914427348,-2.92713910849693
4.56697366352438,-5.10940821793273
-2.80870364085336,6.8220098002705
-6.69341258791147,8.62424989424097
-4.02693995479681,8.43317498556464
-0.989570937559987,3.79494869662906
2.39177758457628,1.59512701311041
-7.1652189939428,-6.26393178897566
-2.24742670089036,9.30337732315543
-0.358195699939276,5.77109371428338
7.61877355152956,-7.57277426944422
-0.980805435734136,7.09457599698383
-7.48546388086205,0.643709318175149
10.1744996875799,1.25794045254648
-0.311344025158317,8.74250689136088
-6.80830747760114,-6.7116778867964
5.44563742863663,1.75650450824709
-3.83226859535847,-0.685706837096323
0.406825271969303,-8.71427103119627
-6.25543713257915,4.37604198940557
-0.227526133234709,-8.36941467942493
-1.22963734983271,5.81754608880481
4.96451579329727,2.77415828431108
3.28336882994038,-0.35445032288563
17.9862117242876,0.811280039022149
2.50661253482958,2.88468871269246
2.72683515901916,0.780333273492839
-1.95378144660024,-4.75833904365815
-2.42580691400233,-7.89346675212866
4.13121531317175,6.63379033381053
-3.80265121330905,8.96880369756031
3.72886902431753,-0.962291344225056
-8.8763944186359,1.29120273830017
-3.19003407788511,7.88765650328017
-2.0885199147902,-7.47948695693613
-1.140849881107,-7.66215313751167
5.5616859804453,3.66726443409686
4.86421279409424,-1.68570146129615
-9.35846464632594,4.96475847475947
0.974343857524738,9.43753901841538
-3.62729107736331,-8.52882639238468
-7.64675393463774,-7.64147034921358
0.268888394660652,8.45943414535447
5.53611852666013,-3.89062492155484
6.46428123067341,7.33364082934147
10.9354406491993,-0.21537140704674
-0.810621779288997,2.22486092651438
18.3125304670343,5.62962814030427
6.26802247036353,2.17560823008154
8.97176148579532,-4.41547571844345
-5.72712812916606,-6.47228642022
-2.30361358370049,3.34605443102946
-8.65689820876809,-3.89747190062138
-4.36078724538029,-3.53949330025716
0.420098480899541,-3.06174509546666
2.33876863438122,-11.2810480434473
5.24295091906423,9.22392690496245
-6.75014206003006,7.493959812
-4.7642588920561,-2.89197938759961
-2.01420622624547,-2.11169908069803
8.82392904438587,-5.6262869185023
4.78219577748929,-7.24202981149181
2.6373734443845,-9.30891352490604
9.36544635783747,-1.80024850853287
8.42762327112086,1.52755536300003
6.37850128186417,4.30579979291471
7.53358557217203,-3.62168279283554
1.15195130068633,4.84695277773665
7.05908669589295,5.27297739811932
-3.1197379687998,-9.34532810394619
9.08197423985618,-2.81333635220818
7.99904177646818,-4.98612750350087
3.05374539694616,4.47636182666553
4.00209984044054,1.25615217643056
-6.99321261338566,-7.32537868233899
6.32035386119685,-5.4282610316928
-6.94385991392026,4.36748620554771
-8.61757829506704,5.81134980567056
9.89351184005765,-2.61618802608328
-9.51463293530856,-2.09796025382948
9.06057670067539,-2.17028443857757
8.73681102493876,-6.72902795867939
6.50731482313097,-4.5946159683268
-7.99607739088897,-5.00551926490165
-9.13892859479226,-4.80297661369936
7.26916760845956,0.950925470700862
-1.94763892804946,3.99114830106085
4.46382743738664,8.37376463041585
-1.50470929445271,0.0682477123568827
5.91252268227683,-6.24975007155582
5.77374777466315,6.80712483684073
10.1005625603294,-3.39513538167609
-3.73816356159065,7.51427010757714
-5.69983744898756,4.68589936271028
3.48130145004717,-2.89473281377436
4.74851725823208,-6.13629328441466
-11.3804866871553,1.13879407163757
-7.45978756982235,4.87721022896226
-0.284669475266115,-11.1381258237417
8.15879972601668,-2.75650424728381
-8.88419776117624,3.32420239708633
4.9459247454611,-7.84609473565037
8.56054084330536,3.53032604461787
-6.89411244222487,6.04132523084864
0.43163420884089,-1.7034222662778
-1.50134206300727,9.18168971033633
-4.51499667103389,3.39048731628158
-0.171054823109326,4.37611441540858
6.16418818598031,6.39400526225663
-5.08202769301287,-5.02404260393162
8.00862414569441,-1.0373889121716
5.49720305739058,7.18226249736773
8.40731577804075,4.20686431210001
-6.90744046387241,-0.0397140805646836
2.9900312651829,8.67320118848715
-4.2282750310873,-8.05554686977353
3.62643457663209,3.2442759231757
9.88657594352102,-2.06923318144533
4.34857897663367,2.42208372955961
-6.64814071336163,1.04586895068816
0.425803409842676,-6.82132628176658
0.10120444783581,2.18116401654877
9.37873201457104,2.13023906436483
-6.36558708579328,0.806890687972827
-5.12514406944453,-0.057460802799428
6.09364933201293,6.84908447515228
-4.60861997110139,-0.472320251863834
-6.14244784538236,0.111892337848078
0.178247057252031,7.72250051746446
3.72820749893726,-5.95518549540673
3.18361438624711,6.02724824340935
-0.503225330604045,-5.76255453266192
-9.52344789516011,0.774217323282415
4.69409645879275,-0.148612512244853
-0.788072700382282,9.4024704638553
7.47226326160869,-5.47914785653069
-3.92413052805488,-7.28179057040534
1.48608198853552,6.71906866641261
4.2649635925745,0.973145528982808
1.12359375649555,-2.42624000192687
3.61715199351229,4.41887191647892
-4.31227690293633,2.47926306186652
6.28509619246666,-3.53376938578778
-1.06306676828015,4.68144071124857
-5.77916678581401,9.15971816220164
3.48503231444821,-3.49765098666061
5.54239536714331,7.97710230684591
-8.26719683983253,2.34693205168176
-7.71353786836031,2.65560720674448
-7.50124243967709,-4.72203254449339
2.26619210263995,-7.90017987102239
8.97608327676176,-5.03905386629182
5.53092469867602,-4.48577679075927
-1.12597278345214,-2.75476031119223
-2.33033077219424,7.7817617287048
-7.58161984460198,5.6326714600869
-1.33585315029596,9.83950006394757
-6.23109465873188,3.3355125508981
-1.74813046575407,7.99227308161377
-3.18472789229683,-0.559160933196928
-3.43636533373399,-3.42277931865989
3.11993276954072,5.62036646267013
7.67302259679066,-4.96634055898198
4.46425704328323,-5.65694841024118
-9.02350508065153,4.40513288520755
3.86869889927677,-5.20478452078497
1.32926819483471,-0.135842005370098
8.62047703569957,4.85924038606463
2.01526829441045,8.63356129892019
0.931638857106888,-8.13937417783732
-3.27861296085488,6.95885549382354
5.66168491335917,5.1067215347107
2.06179088774703,-9.77398695019919
6.21965916339757,4.83437072252352
2.38505510803824,3.49943055185542
8.39525246685286,-2.62840352509208
-4.2071239325464,9.33230897741701
2.7516410733845,0.251916930432093
5.29166942772057,-5.95234846912332
-2.86009652726618,5.88522059576763
-5.54824944645924,8.2836075217506
2.55474651574422,-3.14660649647198
-0.0468555358674573,-0.913645708085612
-5.8060031661964,3.22249699465503
6.03077267560251,8.04536889245535
-10.2339666891311,2.31856891426929
-7.02144331511548,7.313000511269
4.02595602049724,8.90119251310725
8.83614619797863,-4.21939609634431
-2.92395543953039,8.89130520275188
6.92462607791599,-0.59131666945679
8.53778861626449,-3.25264411197946
-1.86872154225867,1.02063268559527
-0.120644118258297,-9.93524228920822
5.01051395327293,-8.68068425879775
-7.60248406642717,3.98714258691859
5.16290453911434,6.1320289979632
-2.02223651726973,-1.22214292234669
3.11953311052627,6.92635484229161
-1.92667943588544,5.68540968533728
-0.579533303390139,-2.06438456923538
-6.12732946685196,-4.33087935951303
-9.11366039305453,-5.56800657721939
-2.91651150938274,9.69443412863346
2.96810866562823,1.83044515004609
5.19696862504406,3.97489945219773
-4.12417891512063,-2.97993474358763
7.74892253732119,1.87516496414505
-2.93667442449381,-4.23003887521131
7.23378296688972,6.117657008252
1.09462811145752,-9.43841691150471
-5.26233546351804,1.81740939017486
17.939955703984,-10.3083211240318
1.7515326402421,-9.44240683931806
2.95129298145071,7.43277321831855
-0.126146849548275,-1.62769940642102
2.94364728593334,-1.355463730678
7.29543422241148,-1.18840723137736
6.73614837201755,6.75304671080709
1.27000539987931,7.63364434399479
-10.6077495573841,-3.96459635888823
-10.1216401555019,2.99309501775666
5.13228007495908,7.04003955760382
-5.8843060223064,-0.608877085424771
4.70342133543611,5.94237680016313
5.81892310845642,-6.94315487451587
-4.73894220967659,-1.43251101120452
4.56358187235425,6.42698807396034
1.06415016962663,6.44890697909904
-6.96218209068561,-8.12471977750636
-3.64523294146011,-6.33445140049978
7.79820387143625,-0.562743736235525
-3.33201708661534,5.01417650226871
-5.65791375357947,-7.65106326899561
-2.74562004621801,-10.0882257153464
3.75506733759808,-6.87176415287415
-10.0744691554898,-2.20485535727618
-4.27661111379505,8.0121212845923
-4.06493195141818,6.95675014377097
-5.42688025374566,-0.935617442237394
-1.75893834495044,-7.70311361306137
8.6177394052104,-4.74834286451146
-6.77118868203488,-5.15005295990106
-7.58512774014759,-1.62396819269745
9.03307444985955,0.942214351353119
-8.17935650159223,0.140310174940337
9.1854341515857,-1.34174962253634
-3.49237427232767,-5.56507625647937
7.9069929224122,6.61998855186512
3.96584536992455,8.13422939900193
2.33587038135719,-0.465852971487613
8.42937336830784,2.68697979744803
6.23643819971979,-5.86623071916353
-0.139740238506999,-2.90277706438569
8.23491928873757,-1.72067478839351
3.8520273539843,9.5586865177272
-1.96451963087117,10.8488889319572
7.11281394408796,2.81099720782303
-8.2555498620101,1.45343215085159
0.384349178131757,9.26350558080837
-8.59141392941486,4.68132482575373
-3.73267168161663,-8.14066897072502
-5.93147522135625,6.62277878232688
-4.59573538892956,7.88412155321531
-3.86366374748248,4.76508164251368
-2.25631882584027,-8.54967722455735
5.0298168313071,5.05486120278619
0.175216776203033,5.79280659757062
1.49002248357554,-7.78116338356121
-3.31787035226367,5.80519590983647
4.77248371883894,-0.939135696560178
8.92540933350568,-0.374266727279009
-2.18094322913434,2.79453187483278
-2.85752057291128,-3.54126593575604
-4.7754342975615,-5.82466315602489
10.2183099005416,-4.41505357196864
-0.721616053785534,5.16162781253745
-10.9341582900044,0.183848948905026
14.1237974591799,9.10337717839239
-9.93956634349836,0.75300710749644
-3.02876583003647,-1.39166906097602
-0.402085023814691,-0.331399811239048
-1.35629865757575,-8.36912591218036
-8.71604937867689,1.97486853641972
-0.917501939922074,8.59416616693894
-7.21729235669382,1.13021678027955
9.6200482340479,0.318337407152974
-4.93182888403335,-6.83285620029318
2.96943976794138,-6.89529529506021
-2.24273203527666,-9.52234500376873
-5.67323242534195,5.28512999126101
4.13782211380911,-1.55808653255148
4.42719707049408,3.17740054704846
0.450125131151847,3.65626307551207
2.01484704555141,3.83009437680555
-9.86243280109217,-5.27128982019423
-1.99544008304914,-0.419047734796739
1.26265967524443,-3.18634012768692
-5.07003261048185,1.13601141591521
6.57460259162274,-8.635214953267
-2.678772083136,-10.4277729303832
4.32336548782266,5.34496337992012
-5.91061078413547,-1.49272447696967
8.14727224572161,-0.195043554515451
-4.83191055872743,4.81227515821378
-2.1479572249968,10.0406526427379
-3.13876525415409,9.53442751432918
5.95583477242047,-1.10647692685514
-1.98614638651165,-6.68998805954542
-5.76737427739099,-5.22041310985128
0.750863150062758,8.83168233451585
-3.89519607796533,9.44522172594221
8.00043478403355,-5.86334236018423
-6.82314425120858,-1.72120041343116
5.92677688363298,2.97667457970419
-7.49386654435799,6.71853595484553
18.1936266835217,-4.99807818176254
-5.02344120097565,-1.66177161301933
-2.70212823759147,4.90970025098493
9.95449382068263,-3.1747095776505
0.71640721050393,-0.294730627537599
5.48619993462252,-5.28623507771555
-3.95786210392974,6.24831434315455
4.0055829905628,7.21264063770595
-9.14975542776871,-2.53188362295103
0.496857296115639,5.05272222345576
-2.50561613306302,0.807462442675645
-0.862755208693885,-8.85178403415947
-2.87752969557349,7.3823485910498
-1.9871597088197,8.29180081664068
11.8536926734253,12.0174141951118
-9.26459827635074,-1.81002502358779
12.7887069229325,0.665089395070572
5.05812609819378,0.24183874822947
