-1.44202786610482,6.62706769146474,3.27045247721355,3.12858345126889
-4.36202453570181,-4.82562222270194,4.84385298013614,4.78559434475965
-5.10298653265722,-7.91065439962146,-2.33917227235909,1.65226855727469
-4.93609697516379,-1.45958410611725,5.05139833775682,-5.16134217732457
6.93009565767802,0.885685415554341,2.28369992477874,1.4941339454481
-1.79158076905656,-4.54765279190794,-5.69957032724277,-4.63978974208827
7.47513127605934,0.191147879290221,0.97289224576199,3.62566717729111
4.70508914547863,6.63578550009857,-1.96823668304844,-2.72581189446605
7.052984144453,-3.16438855955191,4.30977944128586,-2.13370596118145
-1.87370407079676,0.996305374404845,-7.86226830536411,3.55154876045953
-0.815953437483075,-4.9607841891458,-2.72114293222301,7.1543082658513
5.60320739822652,-4.9720028599686,1.58558518011612,-4.85166514825116
-1.09068890438205,-3.56718909150597,6.672446904201,4.58804532558695
-3.99666305694813,0.932875936765916,7.0267635495901,-1.44304505268939
5.07485686051196,-5.51202049613172,4.2922329445872,3.29431578718782
2.33079654997608,-6.34509485284764,0.839698959828448,-5.23844816274257
6.55472770963239,0.722640797765093,3.52527003607509,-3.10921364004799
5.35906261870017,-1.75876644679573,-6.80308994031518,-0.885628280132354
-3.20605555451949,-0.556351724831514,6.04267892990285,1.9556982017922
9.73041845377445,10.6285347799014,-8.24270289710639,-0.0250506652481583
-1.72837140991207,5.86548359717205,4.01498966803749,-0.94148424521065
4.65556784141085,3.97615991307974,2.40318925883062,-3.14893091278457
3.00308122163601,-5.47242917214683,5.72651737585299,3.5047907942119
-3.00049141702991,0.558730169263762,5.35557328995692,-7.18048476657021
8.84100088970083,-4.73007382121704,-0.870806513669277,-0.284452976149551
-1.41246617464508,3.71988321161416,-5.76652081409669,3.87340434952701
-1.56120857653813,6.5935043702582,-4.07695848819524,4.19527824900301
-3.37309554998347,-1.25276886408244,-1.4870556210836,6.24010029528613
-2.65018663522619,0.0382961102393921,-4.56648007393278,7.48175205429953
1.84052586925512,2.50257226282192,-8.25720925691389,-2.34917054314424
-3.70645689501976,-0.45284137841151,-7.06026043898448,2.49623096428631
3.95364338551037,-6.44236267432189,-0.325279616144888,5.45152313778283
8.5718905673478,-1.32046104248803,0.334434351793127,-3.07013191102143
1.19950203819546,8.62157615941496,1.71166519110559,0.828624419853884
-6.88617629258417,1.04290697636371,1.76032957499506,4.72239636303647
6.57340518138475,-6.95462081336206,-1.09362028456062,-1.25753556316118
2.49983533329091,-2.41475477786065,1.35575240248387,-8.52272994039012
-4.35370092546648,-3.20827669601835,2.93806176499696,-5.74980630179219
0.425699462533735,-4.39623879946204,-3.3594146843798,-7.65100005311019
-1.10247429768033,7.97140252684086,1.74846602326542,-1.72067262740151
2.76947207086356,-1.84765256719773,-7.90611539147384,0.907236913825094
-0.367284825673878,-8.11378692491713,-2.62495390846972,2.15557808292029
-2.11007377483079,-1.03256708419644,6.79992731083285,-3.68454459553147
-2.81875577455288,5.51112582237418,-0.0239638139256294,-5.77773774662744
5.7910422108718,-2.03363718406139,-3.97019545514128,-5.01849356978095
-5.68966938913145,4.89866251980022,4.49190117596236,0.918866845147023
-3.14469103482779,-6.47526656286625,-0.864306570241066,-5.36540654620319
3.61662674510013,-0.826468803572322,-2.71918907187815,5.33407283115316
-3.12860622544423,-3.36075700969761,6.57197471342192,-2.25529003289073
1.67848718644328,-8.33451641328429,2.05524760829735,-2.22469702407074
-3.54746017801719,5.57304231586229,5.85709206166008,2.03665441612708
2.20652638378288,2.49618915745814,-6.42772971990666,4.85270241597373
2.64624905722294,-0.560853533705529,4.59880301047066,-6.66047004379923
0.062967159731875,-4.51400963749093,3.17837527442425,6.96917740267615
-2.95684613945483,-8.30181102757595,-1.2624830741797,3.77671335010547
3.22693862903672,4.96367763666641,-0.69556296751385,-4.01530667111903
-0.841919411628323,-2.26351374258601,5.53214776043038,7.27882146628005
-2.130030474664,-1.19249419678736,-5.32849733629358,4.44007163205486
3.48976799348538,3.24234810378249,-6.26802618796015,-4.89406273594926
-1.08109356880334,-6.18586967541429,0.179524826295167,-5.90364112893831
-3.75332495980971,6.54863239810708,3.90841926376422,-2.16129295791113
0.525708103589417,-6.16325628521955,-5.44908103936497,4.7102971536212
-3.10354088400505,0.77517610491297,5.20880456557971,-4.84313222940044
3.51988888998519,-0.438935765570528,-5.59839589082832,5.55177036087265
0.909227918899672,-0.905549780471408,6.74291672207195,-4.03134749842215
-3.90658795204088,-5.40607887591416,-1.20224113301378,4.9177437875932
2.99512009446379,-6.1279695170065,1.86065419263666,-3.9979596979022
5.75239164466393,4.4501607406932,0.574217619509739,-1.1688466783812
-6.65539196459584,-3.4175627326609,0.973121486473837,-2.45669935253076
-3.30433748671328,-7.60539408322076,-1.25008068889097,-1.90676363430617
7.25993875913483,-0.421291067792389,1.66944590632405,1.12835546086153
2.99910200174538,-4.29552292648415,4.91193194160282,-4.87763709940885
0.795910750532138,-1.39728353454482,7.37463203948025,0.348277109899369
-1.1252035081527,7.9377831853297,-1.6335597246492,0.521335927129797
-2.23675432285957,-0.58500986675266,5.77804310303146,5.09726561153348
3.73424224147748,0.50211627049457,-4.12313997564607,-6.61287359704894
3.46360464111784,-0.528151991655888,6.60746914066057,2.98730416687741
6.46105316112886,-7.11036161377315,0.633741050863053,2.04203978863628
1.07667571761959,-2.12219188848152,-8.4852226219682,2.20555523918795
3.95296146150179,-1.17376671344665,3.4639067371091,-7.5051056621729
5.84378119632447,1.07451424558654,1.69260930782421,3.66730334937553
4.89429406233324,0.995709623730796,6.7726877674586,1.0906102561151
-4.80684652673131,-0.889844284283927,4.43605652772328,3.61240286911013
-4.17609225987902,-3.34367157160577,0.503486412276456,-6.39631004264579
3.09800432523815,3.9886801027349,3.03620764385557,4.0578005561841
-1.37498708173251,0.413334028093255,6.73761127417993,-5.2128825050301
-6.73031703753201,-3.05987037898732,2.69603254837764,-2.4739526235345
-6.9562522523361,-2.2255697385301,2.20767515585313,-0.686233848445523
-5.78282889622492,-3.81279337745554,-4.25972334596179,-2.1378264327407
0.911530756690217,-1.81750966618264,-8.91218196934675,-1.52894571874903
6.59131990325885,-0.767060116590465,-0.612389783000094,5.10869811368679
-2.23958710324979,5.34435998704986,1.99849964617916,-5.77853592218314
-3.86067546182197,5.6666275095001,-1.55989429108786,-4.53991791969053
-5.6093136298442,-0.311401476292917,0.0922101643423719,5.94811203414077
-0.395490129817231,7.03976747553241,4.24362969032373,0.273650885865653
2.13687462504964,1.79624639381892,-9.21407892712047,-1.29611657961282
-0.674520423115669,-6.73122856214141,3.33334851061345,-3.28304852780513
-2.0555362047877,5.48611518969135,-1.60516577010527,6.6703022980074
-0.115982633538963,4.69036519577237,-5.65783399558768,-2.17624783543905
1.35415093293508,4.32176781196777,5.72129536690038,4.16630303787908
-2.52583006865933,-2.27838403048882,7.23914502478417,-0.726205833876929
3.81291624685858,-4.98974675752148,-3.7162964597084,4.04891079132803
-3.74403277600356,4.62684552698928,5.7014309427089,-2.89456172023818
1.06439460086996,-2.00656181575861,4.63655363569034,7.74416093742102
0.862797739003813,-6.75201535640945,4.25031212710524,0.223600498114083
16.1102167080427,-4.82559987077353,-6.51382421322267,8.89700725699758
5.18994878824199,-0.887227672705204,1.42349197900026,5.671668295526
-4.47109437541544,-6.5889025246348,2.44582176405171,-3.78015704103252
-7.25736302918359,-1.71735582001785,-2.50524324366645,-4.69305341569599
-3.03311835488066,4.63913671605848,4.72185174997095,-4.79360783280947
-1.01296956836694,0.0910688486052568,-0.745695816363292,-7.78608595971259
0.999203046331052,0.361340418930619,2.95743347991979,8.27061960438368
-5.63498294421897,-5.35632510270463,0.042400110110038,3.23973474050756
3.8762871753546,0.0173363237068085,1.44992427009378,-8.09058520988672
-5.8539330052156,-7.80897358848271,1.44479010319039,-2.15448987528502
-0.380045990870839,-4.40250694539381,-0.546770880075793,8.63696598804555
1.76252529382214,-7.57734090043386,2.71170116039762,-7.24374218453152
1.67162452976291,-3.56577428196994,8.58733073194063,-2.17879389127809
0.928734708683062,-3.35699544408813,7.82420194930851,3.11543176174659
-1.51375647327937,-6.59326711136281,3.58860756492949,-5.02302320313665
6.20671982445331,5.99218549730338,3.02508926725642,-1.61626040479166
-2.65058732848011,-4.6897952149778,3.70213977021583,6.0354008954916
1.13071389350686,-2.02584527212102,6.82779680274067,-6.66483825901239
0.374291736171392,4.78059127231929,-1.59845077404412,-5.99019444043741
-7.21743522255258,-1.96289666595328,2.87335312315185,-4.28097395891418
2.08187641864172,5.15688683016699,-5.50194124624211,-0.329905781985775
-7.41850937140299,1.22970381541427,-1.52890424265711,-3.0332220989017
4.96833066090963,6.20498255967538,-0.339104509175901,3.39812470943332
14.5148934192018,-1.19711261919532,4.4781632616808,-5.95526275032496
5.88465572593788,5.26806335416915,4.62986359919215,2.03726614731906
5.9170824338884,-5.08936023976045,-5.65317796495593,9.4673859808751
-5.47665857755623,1.52281516234025,-1.96893073795165,7.02195071870237
-7.46176652346691,0.638332400983078,3.58301199071555,1.73355207141095
-6.51259089637348,-4.31347685114833,0.105524963562524,-0.0322943681648197
-4.3226639405316,5.09504969470278,2.91068018112834,1.48502997323491
-8.71736152488124,0.951719406941724,0.425554142640116,3.3563932886835
-7.83983718689186,-0.761837930944467,0.715948231322959,2.43874194597154
4.66538502860095,1.89355268393637,1.28994789757072,6.60751713531382
4.40333084719733,-6.01588653847195,2.73507689407549,6.17215377284798
-2.46535003618216,-7.23583217471649,0.77587318074314,-4.8490023657036
1.3846725428445,-3.75264783473877,1.99040859662562,8.57846595725032
3.48297132830327,-0.693626553203892,-7.78621389339644,-1.81645783547798
5.11168968492672,-3.67381707529998,-6.93600222858236,0.714295483687647
4.53336075551723,3.1609191627353,-6.52074100107671,-2.95027479290071
1.26425122227332,-4.37234991714871,-7.72280950934399,-1.42642245862759
-2.17881221662545,-6.20802498669988,9.41483464128437,-0.800842430017941
1.71211579532416,2.39328915683428,-7.29268095769057,2.17862031331097
-1.78307071551864,-3.92768620808375,-3.79836613152355,-7.34602053957277
-2.95369216444943,1.53569533484992,4.26853521032214,6.00513239738241
1.2403062680197,-7.45325666026755,-1.47753764640607,-2.98188011405379
-3.46405219135452,5.02539607596621,-4.35606571191505,4.2145954808876
-3.98657742872497,1.12708754066141,2.41448919720734,6.55932253038716
0.369938988107946,0.235676697130326,-9.08835745253327,-0.203486911336626
-2.38316648048658,8.18536334536159,1.35818975948219,2.37960616874298
4.21066217418075,-0.328323643597226,-0.592019097856226,7.03067693197271
6.91648258316857,-3.03354822246893,-4.84489134966579,-0.122127867566556
-3.12133471564406,-3.54889084058028,-7.53761648334541,-3.4438362641788
1.4579824127957,7.15998659819168,-1.85813785592111,1.18326528171105
-6.49276516611653,0.504482423899976,-2.71617904521514,-4.10709815788651
0.06537097678254,-0.807485176627723,-1.87463626221216,9.0125785865976
-2.59006260679167,-3.87726237454151,-3.29753640749277,7.04544475735751
-2.7174357783477,-7.44068641958873,3.51936854008561,-1.40807104897534
-0.495496212819743,7.56077157001,2.26500757300462,4.59873712527936
-7.60607135413458,1.71427478965021,0.902771172849213,-3.53746717609956
-8.03801417614326,3.27332077578259,0.67988353554515,-1.43538676457159
1.63842087413686,-3.27705322253872,6.81405923043598,5.0676541669554
4.89851995436572,-3.73637169115049,3.53779185399803,-4.73500190227453
-0.73042571502168,-7.7136753577164,-0.578002413605266,4.33866498905444
-1.52807152983078,-0.416318981708617,7.77549533947032,1.11555113046384
5.58988882977892,-4.1311099600097,1.38502625059335,4.33830338955899
-4.24776764597276,-7.76398829743068,0.853789101279176,0.519320458380162
6.68136590312738,4.438194633926,1.10910630759418,3.0384254337091
2.21573702777765,-6.12641538396987,-2.48495235258354,4.56475922979474
2.83149654865327,1.39252522166911,2.27274668623344,6.84667042888331
4.57512275894706,-5.68675801240164,-4.80878175473219,-3.25517856738282
-3.69218968149565,6.15798119668314,-2.66322567274475,4.96655334116044
1.44975531762029,-4.28940303997339,-7.58507354528268,-4.27651334034594
-3.51070720683721,1.98482496796153,2.10853506681393,-6.42907805639684
-5.95411104075938,-1.13205688817072,-2.04346416300013,4.76445197806269
-7.036179479798,-1.37289946202008,-3.16393384645867,3.33820781321373
-4.84287895934482,3.49605799195895,1.79309091537405,6.53052126587356
1.75043182147983,-7.57582442499104,4.53479356794343,5.95982650433283
7.95827781284948,-3.85094956826254,-0.339569416773981,2.54274298881803
-7.0009279088988,-3.63918728658188,-1.28007945355036,-2.99259651359457
-3.13418638311042,-4.06294423907533,1.11900775975641,8.14112230823156
-2.70210764266797,-1.04385556899877,-6.57197674699454,-6.08474942883382
-4.06073114300911,-7.71517858076415,1.17985741778183,2.92302033130834
1.14907290973847,-6.14489355626859,4.66308693942283,-3.81299039531319
6.57443128561065,-1.92469493873956,-1.31517450369772,-5.72726803152016
-5.30731990192895,-1.69533676430779,7.01063034141278,-0.106133133287815
-5.60251029680314,-0.0124805829405483,5.39914979448297,-2.01960682885697
3.11499825299787,-7.69137919321052,2.92646200972265,1.29099086953737
7.46971779707271,-1.46005577547482,1.07729066046695,-5.77601126823057
5.11553433870858,1.46992302216887,3.19767787892456,-4.32458590247133
3.11696369894421,-4.26857447778844,-6.5052699928378,-1.5902625283089
-5.90375489193108,-2.94452686622964,-0.818085157933908,-4.88631291846992
-1.81155679837831,-7.68789735142605,0.0394904927813624,-0.913966430108536
-6.86648864642774,-2.78538050735139,-0.0315083363445323,3.56428279125937
4.5252746114292,-6.45262961792535,-2.44581251022803,0.599846174795455
-4.07560289467972,-2.39895681289781,-2.55677275417132,-5.2245228315509
-5.27444886056807,4.40916008140123,-3.24194895659691,-3.03510681134103
-1.09529962913732,-3.21477650851126,-5.5153819857763,5.07685543241278
-3.69863357523214,-6.1522507896779,-5.31847162366368,-1.70650654876845
5.52968113784346,2.96052539531234,-6.50072209680614,-0.799918204132414
1.44583997852012,7.27729816416573,2.04470090791119,3.63822498169917
-1.87693064903873,-2.08797328986434,4.26606137409618,-7.20772830985688
-0.87643245325656,6.63544905330593,5.14837609480119,1.16477221448822
3.95829300922585,-8.26388705609507,0.304678371980227,2.5961812703968
-0.5619284098932,1.69117844121317,4.87078196679996,5.28063416671633
-3.09993149595916,2.75129236204126,-6.21097567484603,-2.0787551256752
-1.03072930886349,1.40290194388357,-3.4355118936002,8.19028439048231
0.488321281969003,1.95812581964936,5.4194423007177,-6.34887007310002
-0.152413861979067,7.13691277680404,0.744855950961951,1.39927721975541
5.76313255321259,1.59572306617769,5.08227591829298,-2.58887881759008
-3.73908506159575,0.871586988564335,-7.12709942739286,-1.08013418325796
1.3154233879857,2.48512426114858,-2.72759324702891,6.31210108354506
-1.04270381538523,5.02110537004376,-1.9099162689672,-3.88210920906507
5.99220310749307,4.88604405360859,-2.04595955098416,0.912986976093712
1.30100742564299,-7.74723097590324,-1.22331118444434,3.09384505320136
-0.824911565233616,0.11680497073624,-7.4625908430264,-5.38370872274073
6.36207903552497,2.50891530931138,-1.02628868654767,3.34682789736762
-1.46076186843304,-8.3189893861839,-2.55913448028346,-3.76023168583538
1.55176009946268,5.27620346507254,4.26254292722813,5.10716164662242
-5.71037214861808,1.8217521104857,-4.00056626803503,4.97969864370144
-3.33169878581232,-0.778336555050954,-2.27339238669839,7.91704714381736
-5.87141726783107,5.5167972888034,-1.96988398907426,-2.24236081143005
4.98200495153627,-1.46100029819079,-1.83372784225295,5.76164369701642
1.04883892853593,-0.668571799260373,-2.84389444122424,-8.05850608905338
-0.332070561548836,1.70302922822928,-7.59916639367444,3.40413953403285
-7.90131243224591,3.13644790294618,1.84084204198356,2.55289073800386
2.09766733620518,-3.80822504184581,-8.58092413313106,1.93774695145367
2.52801611247623,0.748993350331042,-3.22119636167163,7.90970479006557
-5.32024108739025,3.83519978949282,-2.4121303332428,5.30687908665318
1.53669956086377,-0.0131959998131987,5.05738771857704,-6.17285633453613
-0.664587158813714,4.69561336945979,6.26371356185855,-0.968168945751498
-0.750966399496937,-8.22903039979315,-0.192935682913126,-3.32625704450538
-0.137728355627607,0.0295142187481739,-3.78000781123467,-8.66815910187081
2.10175217991901,4.93357624846188,4.19383709573015,-5.66411041640702
7.52522271228347,0.256758333740779,-1.93189726907164,3.11843068707857
2.14817858298612,4.6284911870325,5.91762282188747,0.350032764227664
-2.63434654656291,-2.34764893533672,4.35712983383675,-5.07783196669677
-7.38194568768996,0.581169840759129,-0.76687181322433,5.45312791208423
5.41453967215942,-1.5487270771755,-7.3433302137298,2.1557594631353
-1.29981082091874,-2.57691404999118,7.58294338932889,6.04580279952352
4.32070377488327,4.11173063871347,2.05306886026284,6.1203780565692
-6.9070154510313,-2.1190289171353,4.49509928251583,-0.473165920624918
5.73849346235685,-4.5566569965537,5.28677112798115,0.217884469362215
-5.15225765858263,-5.00585380352546,3.14979405866647,-1.67067214171364
4.35122864825775,5.9072902787696,1.53574965949633,1.01771928329129
3.07092734448904,1.01787028180474,-5.67687597927701,2.94717591157419
-1.692009720296,0.276006682345458,-6.35286391711975,5.17686285945777
0.939763868428853,4.06783877074717,-5.65840623337963,1.95319440644291
3.21732850571395,0.131362003797494,-5.92064073704582,-4.88250411004298
-5.25452092506544,5.47987257819321,0.19443062969496,-2.9194025302165
-5.41778136352963,2.13714222883536,0.295463408853798,4.50109993418427
5.75088672968744,0.897479121826514,-6.4428073374221,-0.671385584753799
1.24666829494017,-7.60679150435774,1.46162788270732,4.32336045130908
-5.16878929415134,-2.99974038561435,-3.57326942700399,-3.64752896681919
4.69000113442586,3.3556852221505,-4.40322918003577,0.869842586723758
5.21604317426573,-3.70503910969825,-4.74443776838308,-2.47073959860252
-5.98933676943259,5.35932274428963,2.8993983968719,-3.13899196211992
6.76003522589262,1.18702130160755,-5.65945286671466,-1.75135040666991
-6.7695057222017,2.42668403544357,2.57519453857982,-2.34770251192852
-2.10307681291188,7.16653401648594,-3.65649186654321,1.85654380364636
1.80416795000864,4.2962999449818,-3.8309361568436,-7.28712002805492
1.57186811703577,4.00469950200234,7.4311065493822,0.419456795849979
-6.66746510858357,-2.54016600872814,4.0635245351528,2.77015678017371
-7.14777841384796,-3.60910741625185e-05,-1.48959672858503,2.55672398869999
0.422193613092206,-2.88481805614827,-4.25327838723459,-6.82400179369564
4.65213948382935,-1.91590899523023,7.08560078986087,1.32140013378952
-2.88431605915823,0.22156147327859,0.436437827357806,-6.99451374053718
5.9858800937123,-5.20770312801173,-1.30078782771266,3.16227510642701
-3.42328763314635,-0.636926309914541,-2.15716711504764,-6.89532602710957
3.35605503601044,5.36712531573271,5.52815937539936,1.99991722124282
0.686729318357426,-0.318198365708559,7.87278921351331,-3.30763912368648
3.03282475723837,2.72396914849937,1.18718207731145,-6.61072751518805
0.00354255984020034,1.70772734240761,1.84631551278849,-7.66956661899155
6.4209955033152,-3.25816224329373,3.02335924411419,-3.6074242240032
4.24702954766567,5.31380175526043,-4.93351691960752,-0.903337702661299
-1.28235564082196,5.43799170247352,-5.93296002127471,0.690748742181143
-5.90910951077961,3.89933489427364,-4.49825672122899,-1.39268015609586
-4.91175658368567,3.86474048607776,2.34846690896198,-4.59039990575524
-5.62769904182565,-0.958859065033102,-4.46513908614864,-4.52972816096706
0.309828992351539,3.40375316440746,4.97335972547056,6.83342955067406
4.93439309704406,3.75242101678555,-4.2865618323329,3.80877260078857
2.55973472269482,2.78687624753222,7.73223873893468,3.14811998706628
2.12142047796405,1.64458535473237,3.30026728722853,-7.13311478093633
-0.269412566565402,-2.11469264834299,-4.24680543206928,6.36934778252111
-1.77248876928287,-8.01696774079733,-2.98840692096528,0.170528827933257
4.82024770331419,6.01983518594166,2.49293791193368,2.74827074461542
-3.83284025350755,-3.30765195083501,6.39134199221817,1.82800536604102
-2.39784256549826,2.05383759044567,-1.54130695999521,6.61945052299622
-4.8777405187454,1.60962362746757,-1.41738716095744,-6.15133793368098
1.09661217972194,-2.61424342421521,3.86843095177406,-6.29731905500458
7.13437921463543,-4.76304228070415,4.18690074760106,6.67047914277039
-5.3924123854106,-3.98600789186968,-5.00002274339548,0.101913232905046
-4.04929307848746,-1.71746726263923,6.47560854942068,4.12955993376264
-4.41976778485066,-0.756563383675095,4.68147546761616,5.94155668984488
1.52081052792924,6.23212171794326,2.2342153018996,-3.87535843940848
2.21913555551558,2.33042476119491,8.04715701088639,-4.03209571011819
-4.67913074796201,1.12304590716368,-6.12708228981707,-3.30735485652959
6.83072130385965,-4.56679130609804,1.65178513884378,2.88329455434364
0.442722714523829,4.25644843448571,6.1129734721818,-4.86051082888093
-4.59334830330496,4.34823142796395,-5.41361862500726,-2.85789788173285
1.73709633217012,1.45713703793898,-2.05984863494567,-8.88538479999753
-5.17272022912703,-6.31819261117155,-4.18240293897358,2.8710615935126
0.705739866323359,5.2489491833537,4.17835305031701,2.88211878423054
0.949631801322385,7.97934454156478,0.919915438229668,-2.23606980290875
-1.61137665470215,-0.147287834226599,2.82458829197931,7.06725610090918
10.2477168025302,8.9085837280463,4.13198211959978,-5.27561419389409
2.53524085898839,-3.98098754634685,-7.18810009593682,-0.141048297921172
-0.636796798061949,3.65704771350867,-3.73102452826362,5.51771881839712
2.05353935985352,1.92477060628698,-5.45537863863908,-6.2082498313302
-4.28699135602758,5.98296241068993,3.70761226201928,-0.169114105451862
1.58496835007786,-1.41795865909154,-3.972237345968,6.55114099859043
4.69743893526548,5.21783781148084,3.0810608883407,-3.6772017232069
2.77038292649873,1.66815597565775,3.50062473607799,5.46656066425298
3.58579651328473,-7.54370129747155,-0.891786084544894,-0.110992421306866
3.20821042116958,-7.77630273464217,-4.84799072375096,2.04599110618452
0.493800848673457,-4.91990095145513,-5.07378958200427,-5.45065918016744
-6.78384698425229,-0.257430321333165,3.34204512573603,-2.52082995714044
2.22402745452532,-2.0637351985977,-8.03537675357317,-2.9268616759132
4.93270692744913,0.354524893417091,-5.69015257163225,-4.18027469139023
-2.58305214554704,6.91044511985967,1.55027866343039,-3.7193334489361
-5.56316041304741,2.04330375145851,1.7173534846083,-5.19174822864958
1.87346180029555,0.613546800141839,0.872714352482062,7.7813436291698
2.48154513710325,-8.18973453135466,4.35882370869592,3.44242268636579
-7.20507568798375,-7.70328417729721,-0.297749333081883,-0.505615436002407
7.73628222622442,2.79941313852499,-3.00068839853376,-2.80380474957995
7.9344530558948,-1.87710020606886,-1.5165037141286,-2.5823521896763
-5.95498968024217,-0.0459773441094696,5.64044179488648,0.846298539394129
1.15162357193595,6.13975729294864,-3.4197370530956,4.42286661846727
-4.15774421782513,2.874782519862,-0.987828536182519,5.09796587988697
-1.91427894475154,-7.03967140459124,-2.17533866242823,-5.31155997170327
-1.62530689448504,-6.21834673285566,6.52967376598917,1.41575987845315
4.51175844652627,-6.64221839888522,0.845766172218642,-2.8804482761699
-4.82557952851384,5.9580386718525,1.02027280861574,2.60562843562043
-4.69083189769474,3.08273511743328,-5.9636355727749,0.287559218493706
6.42092521615148,-0.38629502140702,-5.22654954091018,0.161209909401745
-7.70770569500075,2.91467666235416,-0.741971925474313,1.42346758445086
-3.5567644936887,5.55612397684059,-4.02350350860087,-4.1377503150648
-4.72761915250383,7.37255970862267,0.512724658061401,0.193626173555261
-1.66086345363506,2.21732185036339,-7.74760584272586,2.05405440551099
2.57540237446347,-3.83547210766856,-0.430432640614944,5.94974548774825
-3.17848790160341,4.06389101360734,-4.13591973685921,-6.11641418629334
-0.378961546855611,-1.76827529052357,7.96131518906003,-1.36493509380581
1.72232302359342,6.65606600723552,3.90808030216156,-0.797415142040707
0.933014728146747,-6.35605660022649,-0.0872283083262746,-5.39027063463985
0.423178793911331,-6.55647959838453,-2.5263567782365,-4.43021696245989
-2.44812432936764,1.90795606143905,2.13146696516376,7.83598417942525
-5.96103116220535,-1.1042724164465,-5.16468600041802,-2.68485738144216
-2.00801430295601,2.80040879508122,6.53566856180353,-3.4539240128947
-7.38133213664202,-1.51020360388951,-2.35270463525625,-1.96786539384012
5.26012939969386,4.81974177721719,-2.77399854007821,-0.920128713870677
-3.34423829425129,-5.31540310527442,-2.83009760374455,5.80452352103935
-4.84223834777956,1.7778204712689,6.2391852031456,0.0518787049776866
4.15357497332693,-1.34926002269765,-4.04575109696185,-5.8567489288144
2.22966501761759,3.1530594238456,5.01873180073084,-4.35815771532589
-3.4101128843735,-6.97677617186356,-3.30351687194329,3.10010063703815
1.30024767750496,-8.35712011379089,-3.25755644735938,-1.22718373957079
-3.48525879911247,1.22467544105562,-3.2827412415714,-6.32276332121315
0.446326906694648,0.693949416140891,8.09463489346123,2.39500437496457
-5.67276433833403,1.8528030003391,-4.72763359127834,-3.63841382087262
-3.12117383256831,-3.66346287679471,-5.57324484670949,3.33196807802167
-1.42536186649851,0.393481760270373,-5.54506525013576,-7.12574222244942
0.337984379561322,1.66027273856365,-0.274784081729025,7.97263410244283
-5.44159769880359,3.17624120449681,4.33281142988908,-1.61756925788193
6.48126180301163,-4.01235399412114,1.19246288335565,-1.52469725178845
-3.23679881675928,-6.82664442477556,5.06366235909468,-4.28461616930805
-1.06176962695023,-8.33753897702582,0.284941915723768,1.1670565818922
-7.31750522307327,-4.26740056601118,-1.59205658292242,2.3671450619533
-5.78241352447057,3.24459269040944,3.45859707325161,2.82574348069146
6.38701483622971,-5.22860306496438,-0.760171972385064,7.26139786102498
-2.07559210883029,4.11781408959721,0.372712606948593,-6.98286169993582
7.82657920753386,2.5671119725455,1.77164820507845,-1.02486468214741
-1.27243368000839,2.102885165525,7.13276419030076,4.51899226212611
5.33822544495117,-5.30293737502753,-0.643892289513809,-2.10558171541722
-3.14922536208869,-7.7326884021524,1.38437395632966,-2.94109864042347
-3.5262996973457,4.52995959091502,4.86786403560007,4.60534008018615
-7.97753709578744,1.54153072117804,2.26097697808429,-0.503324307810793
7.66878063448132,1.87463950895082,0.732797096953825,0.0634134377393975
-4.68497128323196,3.44794654277225,-2.23728085765916,-5.66451034795988
-6.60293678739277,-2.94550120085685,-2.58248529955356,0.746876157303169
2.5545118654935,-2.25708680928742,-3.72117869548425,-6.87715518149724
3.77063872209367,5.13689760381578,-4.09080085248186,5.3487765995285
6.14557693411879,-4.74143828695305,-2.11843512833076,0.155492774359712
4.07462143695216,7.9567769752887,-2.02667967447856,1.11710794601775
-4.12923252112084,2.28979932970127,-8.21336802612921,0.785133918309356
-1.11601204781384,-0.475712446225368,4.05999353974818,-6.98216971395838
-3.22617999895536,-4.79929073666808,5.47857329020111,3.41718157022035
-3.30923752007739,-3.67646600558701,-4.62951693666566,-6.26837850054782
-7.60300903465065,0.738794334841182,-3.60212562045058,2.85324757041095
1.50156338484628,7.68848219402782,-0.666783836252371,-1.09086388430993
5.23161101475655,-3.57159558595402,6.20084632311387,-1.39115354403155
-0.534804852527732,-5.55642436619655,2.35331668615576,-8.02508151969625
5.96972997958993,3.07839143435009,4.30850474617901,0.00667487386992529
-5.63156264869199,-5.31082996596648,2.58586977005358,4.54285302937972
6.21233979614402,-4.34925794271093,-2.68566589599013,4.58808475611855
-1.57925292998029,-0.345929992875368,7.68842864879581,-2.44995488019046
3.37534364486889,7.98470773859315,0.588524171722292,-0.162064995307229
0.105350474310406,-7.60894749681787,-6.07663030955076,0.731410717937177
2.41183578184922,-1.5389467538397,6.42880155285675,5.82175929669785
-0.465937564634176,-3.75935850887028,-7.85745729516248,1.25091601033684
-0.673623914934234,7.89728830303029,-0.109159341451688,2.84353362230848
-2.18827589620062,-6.86999180118291,-5.40145112460548,1.13387312615568
-5.85313248650038,-4.01072463926007,4.8828264339923,-0.168463192332964
1.89213430795576,-2.16017281661612,-6.09533907162174,5.79267593005526
-0.179206590587442,-8.40998063697253,5.35741854051883,1.98163649218392
-6.01156719490288,-1.03109581482564,1.16023617800596,-5.38080959595344
-1.7862287404512,-8.20625832787304,1.29977727959739,3.55135222317492
3.38766302708883,4.22609282940346,-1.86575812386952,5.95157188049636
-7.61275760280546,0.907546856195836,-3.87954642405709,-1.56142728651559
1.19571860383889,3.23460907101757,-7.7667554245849,-4.87523811100359
1.56655574688658,-3.14021560564425,5.17419798796842,6.56071044442541
-5.6518269632745,4.47831423656491,-2.93720800788169,0.0202976680614544
-2.55238138274535,2.45635549100167,0.61367727750477,6.61419163037729
-3.35887725777849,-7.68920852467786,4.80806835381828,1.78399840726309
-3.67695880427403,-4.94482815698303,1.46022571651232,5.35472322647578
-4.84864452729097,2.47777976000577,5.86224818986797,-1.53992233152966
-4.41439946695378,-7.17681357194331,-4.33686547436811,0.0340425001984742
0.812741175143376,6.50512524382263,-0.321089620192211,5.50473406709207
-2.3789928386292,6.9741334018755,-0.885937065712732,4.23532730306218
6.21628182836386,-3.12399200789158,-5.49861198074726,2.03633971083499
4.57234493356355,-5.94746836543903,-1.87587257354411,-2.51904682622536
-7.07736550077027,2.74995517634911,-1.55273104569194,3.4898423009391
-0.589329720623897,-4.778323260513,-4.17652570039899,5.54514333424318
-6.35456145823962,2.32652242998104,-5.88650750562559,1.43143308871074
-1.56726008860528,-6.97330064621041,6.91885012299672,-1.89664705866401
-2.48123471484297,8.03730599209886,3.50564620586004,-1.02117507465634
4.71486698867813,3.12147988767116,4.30553118834034,-2.1380167132717
3.62240601069427,-1.60747246286993,1.63697274485696,7.35243938370114
0.751550770276736,4.95362342237244,1.39505921038798,-6.44565543470187
3.00717879802304,2.11656448095264,-1.72922283799557,7.23720108264236
-6.20787809393663,1.66726274750649,3.52501757841536,-4.52520622656246
-4.64793810486315,-3.05284576450077,4.80498520283304,-2.79484575682854
-6.5639863091802,3.21317355944661,-4.01521748044051,2.55862435974987
-5.92206171592352,2.79886359518684,-2.07621165979637,-3.13367856410565
3.70349143563837,3.10287631283655,6.45154769638971,-2.92215503798567
-2.77337678626472,1.82867431456937,-5.98880336968149,-3.98136232676754
1.75845066963472,-5.32770649268974,9.49882687486286,1.07425530710426
9.55875382946382,-0.212698366550791,8.39460231959019,-0.938412665462037
-0.814939366446562,-5.33074372774519,6.36197235757811,-4.50101945395288
-0.665555168209274,3.93259538093991,-6.19364948493552,5.73700891488111
-1.63837065580004,1.34319407235328,-5.03137622225247,6.77727831943132
-5.28344049060761,-6.96675255351402,-1.59179574519964,-3.33580367307506
1.63630490046553,0.789972919329945,-7.3257882998766,-4.45056324954896
-2.02344616582473,2.77785759267901,6.35378759555427,2.64571270053124
-4.51367803457307,-2.9418324225202,-5.12644950872183,2.58561343605821
-8.20327054787292,0.138699288351303,0.356032878462126,-0.228319081462021
-2.40786957341152,3.40009544251344,-2.26895401397868,-6.79316094634047
15.7447578802057,5.1953297430165,9.66924872741193,4.39592069562652
-3.68562633905338,7.02520187236607,2.21108064624738,1.34102156830519
0.606158591443191,-8.25934931440693,2.42831855859606,-3.92538016666031
-0.670643011754679,4.50097081411651,0.276177642921667,6.90435531340948
2.44703134230276,7.24248841461864,0.308384551422873,3.03920037912783
0.958319092969327,-4.94286711439781,3.93163407362593,-5.73667890684755
0.420538185579735,4.72683081211622,-6.21746994746784,3.54945810193877
2.29242462480738,-0.321652600973775,-0.370999724209831,8.00004825790731
-5.82450413109643,-2.3055680832672,-4.88858205924015,1.4290189189696
-0.561840381988879,-3.86002873904527,-7.24325992546399,-3.43294173497297
-1.58319878596713,3.74917544084276,-6.82353818224637,0.970481499317731
2.35943256560796,-4.52896782807867,-5.38158968338933,-5.30396539116969
0.39787556671413,7.82415823534497,-3.1215900117696,2.65679451032921
5.11427196531506,-6.34120299531417,-0.893811141604299,-4.80643947617171
-1.45854967755317,5.70410617897558,5.4952156536946,2.91381185969516
-4.9631226440651,-3.91442155835363,0.772479880545261,-4.68788753821162
-0.295090721949623,1.32260071148315,3.85945732172193,-6.6930903987797
-2.58805668240705,-4.60095934729808,-0.573928519804736,6.27633067717964
6.57066861246,-1.52628951345158,-2.86253385249783,-4.02605687726687
-6.79812525868639,3.83091282951649,-0.207046503308921,-3.28248426732771
-3.35741662296064,7.5991225137011,-5.07246459682228,-0.257912005641856
-4.24596123855326,5.40332432983065,0.721710331152465,5.29533768188013
2.93477855301379,6.06664907706957,-2.94270176172437,-2.3549432060284
-1.15059968538035,3.00013014322812,4.42341613424781,-4.85780063645833
0.0595090306776046,-3.34355587313067,-8.32569315677599,-1.02886486143025
-2.46437396580322,6.38813584837215,1.29299026823074,5.30372219688201
-3.94091845963287,2.68931273814955,-0.216495933277512,-6.8082826501986
7.12032058235637,-6.04306953599978,1.97669270248736,-2.43345300813046
-3.26664606238405,7.16844034524154,-0.453951592077899,-2.61584022487589
-7.46386837012485,-3.04784811112174,0.7116086891085,1.94532116679318
5.82113563756544,3.19386187003536,-0.374970955155728,-6.76718864694049
-6.07399034775644,2.0730820836792,5.26254836261905,2.40029296509875
3.72713020789603,-2.70452737988192,-7.18881393339825,2.61904264037015
5.58145920525001,4.22138456337091,0.282307852986045,-3.30310013384078
-2.36094936843093,2.0125487571055,-6.9806611213686,-0.260551988128236
-0.300740013049531,-8.54860085702913,-1.16654255414766,-1.36032161483005
-4.41052043670452,4.10579433524313,-4.27143891226921,3.6007806021062
0.618079868665961,-8.33527708098628,-1.13870122944602,1.3003631779923
-3.80335782457847,5.65012783971907,2.50847616540163,3.52427550315892
-0.383455247124597,3.88173371521992,3.66222557689606,-5.99457585689433
-0.351989149232602,3.2827736966656,0.356844234828206,-7.15873315052492
16.7612244389513,-2.30143508819844,3.81798995758846,0.695557902550269
3.12499099966055,5.6032817212445,3.53363665784803,0.310305967462642
2.58474135112728,0.0489886535456215,5.98915561301755,-1.0938459514824
-6.22167384342366,-4.55719910738514,2.6162657625362,1.30229781307057
1.59806115328044,-6.48872180373692,-4.25663632385434,2.99798029554459
1.15587261620013,1.83405839387039,6.3991745661595,4.63899280053115
-6.09710638714342,6.50441346082863,0.799353225439815,-0.877094265371852
5.11156933237365,-0.474839583687551,3.32373815125661,-3.17993549508788
-4.9293150995107,-0.892499750646551,-3.68414475449415,5.90011745908987
-0.773240050490795,6.47929895243228,-1.54177184041032,5.02740395059097
-2.12087404611906,-7.05627730304817,-4.00533641648989,-1.51373003848775
4.39042444098226,-5.48187750440746,-4.08454987250364,2.1220236328261
0.611538887214037,2.91572477066606,7.27151928786572,-1.37589018026712
0.301101579388712,-0.210226257516293,2.11873212575066,-7.65246293958768
-4.36202494866919,1.5364686781402,-5.76530252639903,5.79025675163649
-1.11534003464007,8.30186962742693,2.71349059844619,0.492860680136814
4.29295047308797,-3.21530339462566,-4.98183260131282,-5.08923374515627
4.21292129748514,-0.302042513197815,-8.64142847484231,0.963212665467152
-0.259606227409907,1.14884508187366,4.4129672642769,6.9636455470738
-1.17819328087212,-4.9239403667645,5.22546521537707,4.12350442151848
6.87172004646101,4.63832468136771,2.83875224043955,0.319717681288093
2.29551009761825,-0.0671583226490214,1.7661649959584,-9.79415080337157
2.14192310663202,3.29428078752552,1.73621344658096,6.21548114088017
12.2411093855282,6.56811423573733,-8.39214096403031,8.9916948736278
-2.05646187648116,1.66700605403672,1.70915001015211,-7.75577664831339
1.18251412933672,-2.89741996997557,-0.197956888373077,-8.95235455196113
-1.37517182905168,-4.84345887665885,-7.02800997253127,-1.3747044827507
-6.39168669517592,4.01004406980078,-0.0480311472524719,1.34338197321791
-1.1390254478337,-1.20924677180122,-8.88233581306353,0.121412442628332
-2.08786608192041,-2.18410143090414,-6.71347381506874,2.78005196111703
6.05966107952069,-0.220994417847956,-2.52496773765471,2.98587017319698
-4.66482222368831,-7.5287379961463,5.8416115230221,-0.616816549282657
-3.05527832496074,2.23357265379272,8.73650073214107,-1.83905568465444
-5.10565658794743,6.06195055355827,-3.78416576375636,2.29240515184479
-4.57127384862439,-2.32221349449822,-6.06528067450242,-0.0406249395693495
-3.66404719529897,1.54272247789334,-4.54236047405504,-4.79312260979646
8.16237165184074,0.211042064187245,-4.91779580230329,1.27086886240016
4.4356045801699,-5.9658397015127,2.34947378966051,3.67318921776242
2.36775414864797,-7.49458002565364,-1.14400011972021,-4.5565185137741
5.84855378373674,-0.681125754942835,0.61198507200407,-6.91375598496618
5.29428774075861,-0.0347870553069539,4.99993494106607,-4.33113186376699
3.70084248200515,3.14224350575407,6.44409987125099,-1.0855807652457
5.2147170485672,0.629330683518252,-2.21955882733795,-6.72861746920931
4.13813245822343,6.24438029619608,-1.07074474284332,-0.750279759291191
-0.101204437125618,2.60285196643599,7.25330606134437,-4.06963748657875
3.62659632444634,-4.79151428634606,-3.29384666480883,-6.09465752004522
3.70240671299905,0.129928182244878,-1.63956045897592,-8.30698642648053
4.84262343694767,-3.88373984491794,6.0366153726039,2.49763936477124
-2.44563494217942,4.15052165524642,6.19139356453669,-1.38498821532689
6.20497666945491,3.16481949722029,1.37584076324853,-1.89251414487792
-1.49986941998348,-2.23484673330243,-6.06522696251689,-6.61718133407248
1.21259067975386,-5.70672007177815,6.36123135747111,-0.429409685320139
-7.00337423837327,2.42634077688271,-4.17465708695284,-0.158861119669728
-6.86655712820599,-1.63111873426391,2.17478070386933,5.58703312444941
5.17547371341128,-2.57255489614146,0.841538657450823,-7.48884089015801
-1.13951770646981,-4.31691258717584,1.92132947064767,7.43535237182672
5.64136231431987,2.75328454984327,-3.40602175576171,-5.7067662559031
9.1202718879976,-3.53689752495997,1.769423043656,1.06929588951364
2.54539403836066,-3.79123035448195,-0.523479839336369,-7.36277615974552
0.110296192261393,0.964553881684419,-8.61490216035012,-2.57929848271919
-5.61116196481837,-6.99927673836288,-2.7211554406766,-0.564822695726162
3.42557026015543,-0.220840205072083,5.92546718281087,-4.31488866011467
-1.27996138049013,4.74275153081056,-2.66804473979125,-5.76947971363957
-4.89200324178639,-0.635712691137773,7.06174153848359,2.04719092706877
-7.05069389022154,-1.21927196290534,3.02052447853733,0.589375150070037
0.708438251575038,1.67007664653895,-4.51550352991346,-7.69891911960538
3.58957520938106,5.45798781888016,5.56253561734703,-0.35734375624602
8.93539962786094,0.483185576133658,-3.10179421739461,-2.09301520057411
1.24402400997845,5.31852093837335,-2.30680601600189,5.76649611336303
-3.03072736072271,5.44281570920687,-5.08014675040675,1.74081201359395
-4.04686187402906,-1.14072936699082,2.04792022629853,-6.84715056965388
-1.40474392968482,-5.30304710116286,2.90298773419725,-6.0324694868851
-2.05475651814646,-2.2958048329944,2.56741126237737,9.3868481137561
-1.8126788338562,4.47449839081972,-6.97083075360483,-1.53901023907146
1.57988053233978,-7.85334209939437,-0.9901736249312,5.95735242483203
2.71235480503017,2.4114292044364,-3.05915045215678,-7.70731132611088
-8.64330062794651,-1.6195520942876,-0.29130620371223,-1.72440158433916
5.13500191870472,-7.02904813570674,1.7115806273578,-0.73881949467461
3.7787378506173,1.44046202869067,5.75467206323503,-5.30989323632488
-8.44899857376343,2.13564272965442,-1.06615041563578,-0.656666313956256
6.00972266597531,2.06864965993762,-2.62235910424483,1.58071363817321
-2.86770576039722,4.78716533415401,3.19992388638106,5.83721995236548
-2.18502980878048,4.2562750332336,-5.0683891132999,-4.07014100681309
-3.94728818505148,5.36847786456117,1.30291508915944,-4.27125617047007
4.32021937654959,1.76345125441621,5.97112143808211,3.7606349722247
-1.36765139381371,-2.78143059440232,-7.59406073485726,-0.506927705297386
-4.80565376738196,-3.85658876606877,4.21980958982697,-4.68657193540305
6.51365682913394,3.04275757940409,3.65849637130391,2.0566905943789
2.40015606536309,-0.104692829924801,8.0309734967923,2.70953518937124
-1.62647198459046,0.0601117536112615,-0.250789840947691,7.93973572023042
-0.59017611688025,4.12659734664242,6.35968000979509,4.12487608466432
6.77454137295408,-2.07291720068253,-4.64560309329549,-2.13396549486097
3.01997299472431,6.28239626625498,2.02805669410313,-2.70956739799179
3.50395700942365,-4.33368032028052,7.48065762324167,0.781128283225246
-0.565073547868138,0.837541308818195,7.64168640355981,-0.254825191659037
-5.63129319180373,0.840467651149148,-5.81254713918818,-1.35068403316589
3.14368349802531,-6.93193735891022,-2.26079413200192,-1.89073944527702
-0.896521565384478,6.57295266398642,-0.94395770748044,-4.10962485395917
3.20589161202634,-2.16201239951144,3.94123702735633,7.02130406308776
1.53635655602577,2.3108031813802,-4.67534098012871,5.84397603483163
0.377383544207222,0.621117654597891,-4.08467992143606,6.42540993529746
2.12884852728534,5.49109033441386,-0.17745935988424,-6.45203341956319
-5.72759450104196,0.998862560729507,-2.56487185885691,-5.2803250237171
-7.06377419639394,-0.686930129691594,-3.98474988608438,0.824016289463406
-4.07999057749618,2.50773132490564,5.65797435876657,3.88942718982187
3.8658630407662,-5.9189675145386,3.91249664314081,1.11131683354179
-0.954176721566294,6.31420741384395,3.45612043300535,-3.72401605580603
5.12907661811312,-4.39485725490349,-2.7626872454471,2.26232153240188
-3.89572425212726,-1.12131757665028,-5.81406199636588,5.32196781744484
-4.55274461803762,-0.0902600553904274,3.57276163326252,-5.87260944191376
2.8925964074019,5.99359000324649,0.278825711967164,5.36923210110929
4.10688546898871,-5.54717755356407,4.93248635605998,-2.91466517388739
5.45350363695164,-1.22700276138091,-5.8187057082821,-2.84235929537337
0.0342681766246375,7.16071834863708,0.204952796704604,-4.02982097432679
1.273652868681,3.08712580793921,2.64557342039807,-6.32548233526896
-2.38810434107782,-1.8205729736646,0.80637537029473,-6.87811638529805
-3.91682042138118,2.76359852685937,4.37166324642841,-4.98609238575252
-6.93129126733881,-0.865941352489084,2.95230900202915,2.69339247713703
6.81725090656771,0.101411573723814,-1.68006219361931,-4.33706027290868
1.20694677684433,6.51850025326717,-3.02361749166218,-2.89184093462992
0.229654758082986,7.61926656489549,-5.53355644510236,-1.74214168119894
5.65182310979914,-1.27949830424056,3.27527497891804,3.7137626361179
-2.94829759276492,3.20793459087441,3.91594665300597,-6.9647790621062
-8.23589952887466,-2.5315544590932,0.566960997138393,0.238936820575671
-5.79471770079682,0.706051803401002,-4.94018426490576,3.48391964559655
-1.71839861161009,-6.08430375961513,-5.04593497614522,3.41598767576562
0.26543995306165,-7.69472105444579,2.61197590228216,2.54567242127763
8.74372062510402,-1.13290367864269,-3.20748874238591,-0.907732983738226
2.49812619456652,-1.85572979733051,-1.73954353329323,-7.73474539989959
-3.08382831286665,-3.90167365430531,-3.59299990394332,-2.82279398101984
-6.73949780507361,4.680700121085,2.30094677258107,-0.502600358257989
-2.87562894731335,3.56681046648049,-4.08944068876905,6.10094971229507
1.05141751651853,8.46948024292726,-2.48768077242861,-0.116477786169859
-7.98461347271581,0.836127558890383,-2.25984892566434,-0.0584790318455147
-1.17954196845881,6.46990886677686,-3.31884513449796,-4.2714892551942
-7.23884117455092,-2.3107433059951,-1.41819668335048,-0.426598050831903
0.072417537883771,-1.64328963238544,-6.40766129155393,3.55234516798162
-0.4900565582253,5.93813563597073,1.74911166837874,-5.31338090938617
3.53386124977838,-4.3866361840683,3.74753927016385,-5.94541270789865
6.7447206808115,-4.11163123917294,1.80117608590806,-0.0627059964662301
-4.17125388026933,1.584794116,-7.15394414646207,3.26511013867183
3.40846738026237,-6.08264836283204,3.56521462423886,-1.8524595401162
2.95737333390565,-0.139484664654767,4.1097495273388,4.73470543453392
3.14035488743911,0.8353738177585,8.02326559261907,-3.0186489971024
4.88650943792262,6.53913879878387,-0.144852149817663,1.68488762183134
-4.63414635831414,-6.95025490961176,2.66548815292189,0.296912788332096
-5.67432196696837,1.47396399068299,3.88178540023514,4.55205016820614
1.14115144681674,5.05298837120992,6.14715853135156,-1.86856112600393
2.28525422771648,-8.70614029820824,-0.409692424852688,-2.24303761960223
3.2585090663108,5.13096927869393,4.92847857140726,-2.74896781670317
3.02540783151249,6.35398533047947,1.99416079442303,-0.823491441797525
2.92667352437126,-4.1835666041729,7.11008414372208,-1.03855428880897
-7.04594101895068,5.86136984894019,0.652746696415874,0.898827923525542
5.11013676612133,0.508275519190362,4.41504579882961,0.99460933661569
6.43735383170183,1.06550396861649,-4.12106806258857,-3.94986518548604
-5.82393773253586,4.15187380989536,1.2621206004396,3.82213012673217
-5.70930202940525,5.63639544907907,-0.741653456942253,4.09995445496192
-5.06699014364273,-3.14224261805831,5.20803208911121,0.956003740818636
-6.63535682813036,-1.3026397668546,0.787817189328093,-3.48137352287325
-4.82754777304178,-0.72961531510537,2.03415420511293,6.08909237930268
-0.90587195286103,1.85056669725436,8.94945706390966,0.770485099774462
-0.394089793649183,-0.816108231680143,1.39095623340001,9.06557361249143
-7.51390426242846,4.65219979523445,-2.41651943131073,-0.650604507279326
4.64651886550952,3.67352618588408,4.74159757809159,4.27669751247826
5.34496152395367,-4.03481047784482,5.52410533687779,-3.18757365879068
-7.41073329294777,3.1243881438391,3.62798386617686,0.5650085774568
-1.62389380728862,-2.4054005162053,7.54078782083723,1.7957972661092
2.93568159340455,-3.92746770881426,6.70205381110398,-3.52558179186056
3.05831467293835,4.9733518406912,-4.27803305396645,0.900383138800932
-2.69655167585422,-8.32569689394782,2.26945785073694,2.04319663055031
-0.271503770772042,-6.70520536731591,5.37565635219921,3.78612311550934
2.58507585050735,4.16349420467855,-6.37655534197397,2.35090237764304
-0.63470853538635,3.73225334878685,7.3364449233883,1.48715393408131
-5.43115759007979,-2.76209967184918,2.65228124717301,3.57891768107871
3.50063648133562,5.66355020240203,3.1660944528286,3.50512652435945
-4.69752177655868,3.72306535398016,3.08776027789985,4.4889331143508
-4.86365774897765,-3.56435721860952,-1.43888317842357,-3.57187535647551
1.03609461304836,-5.11993168702785,1.20764790024709,6.21101405624751
-1.54097821129484,-1.08483729177966,-9.23789881632516,-2.11493564730347
-4.12491995055802,7.86273707073664,-0.602935600824737,1.77109728053411
3.97085016161197,4.75311079524361,0.670175647564248,-3.91820370090577
3.49287418492026,3.11965042693338,6.16246153533919,1.1744195592715
-1.32149144534675,-2.18124631635165,-1.60795700158819,7.15254012992255
6.7679320997191,0.581301902854864,4.43166208814832,-0.461918009373446
5.39937632539378,0.150076015028047,-3.69836986451192,4.48241423168711
2.21534647805411,2.34782653611182,8.23185310764593,-0.160658114344759
4.22263579357105,-6.99992020284449,-1.80002244129269,3.03100143093292
0.316802549891392,4.14809053083628,-6.69416403659336,0.500316350218477
13.5063279195564,1.11691529253294,1.56497137463367,14.7766482486506
1.02266172850117,-8.93243440372079,1.03451013622445,0.583308191585057
-5.43857245751759,2.32739328935698,5.10698680994142,-3.38363688697496
-4.5875755676754,-1.59916981865293,-0.68043459099016,-5.56475735121978
6.52685854027371,3.45320467143786,-1.70909377533609,-0.170616172277763
5.66895353357815,1.44571678484288,-1.19583207396682,6.00976662631352
-0.604337017072316,2.64261110863183,8.21939396866232,-2.2952712537399
2.45774098725574,7.34692025126617,-0.248248452571893,-2.92197124641309
-3.93246217139331,-6.34057972184435,-6.35978103905705,2.68970420251973
0.537369445906927,1.10976002539411,-6.89196304014787,6.09348143904052
-4.74192245528287,-1.27478652728808,6.73164970073021,-2.36355789768197
1.78846864532838,0.382426789756849,-5.95514820937323,4.65482228101022
-3.0781159619091,0.822246421377911,7.5584934454109,1.4422803769644
6.13375320437074,-5.48328116317808,3.08709746421704,0.0954618455615963
-5.26089457455205,-0.964181441574638,-5.77775201718774,-1.11880377529986
-2.68347709830751,3.43143092663225,7.17316987728334,0.373384913471899
-4.40923663691314,3.51270380834889,5.82501755756118,1.39084133558203
0.551167727388607,2.54954816787365,-6.70383879289139,-6.60784050623461
1.448476344809,-0.790190960809484,-5.51365891222623,-6.30505057572936
5.04281327843989,2.27943359281231,0.671707429788505,-6.21411399543982
-7.74379768166111,0.597760797400452,1.37919485402523,-2.56048874697173
3.39547632705699,0.949046252180576,-7.71371044620955,-3.06560435163988
-4.48066166137393,-7.37439757836299,-3.48504985840284,-2.73144871953505
-0.384883625083206,-7.36867677375367,4.04763198056145,-1.22002537552437
-2.46323045215441,-5.67204174754401,1.87129075872351,6.55699907082347
-0.261859817545034,7.34054131536682,-4.41765573608792,0.315214292453178
1.03346962956608,6.50127570076486,-4.74258931079513,1.58255259751253
3.49543374269905,1.92270472012169,-4.94736737281618,4.45879273476003
-0.409779445369138,-7.11539767480094,-4.40936275733559,-1.41843985333927
-1.22893900151731,-3.13913026515286,-1.17358154411942,-8.81164899596473
-0.302697305173598,-0.48360841433725,-7.78827865683983,-3.94338909885444
-4.62867321733561,-2.73118862556199,-4.16440074735962,4.7024652283455
4.76378618496275,-1.46464416712662,4.87226252402626,5.25767876471169
4.39702983009351,0.887593156645708,-3.71812276225088,5.74644902549511
4.3504355146477,3.73559846783273,-3.6846985358993,-6.1870896137537
3.54223878259951,-2.72545055611028,-6.00982338952878,-2.88399660347142
3.23363811660398,5.70755822284173,2.38641509142764,-6.3454256779685
3.1359277793677,2.9894897151758,4.68043905058435,5.60670313468848
-4.48007458167011,-0.829002873173858,5.10227874924392,-3.41773516168037
5.58549566606686,0.110153033575413,6.29088622043336,-1.20385678155882
0.640448941466659,-5.52982908676335,6.20710135477463,-2.71589097664377
-3.1225114004677,-2.58711324601655,-1.33371102192128,-6.27187368568004
6.59114210072086,2.05885704362854,-1.32305840086133,-4.98529753058594
2.47408218162486,7.68407655105703,4.29995874721977,1.41935797411828
-2.95047724218339,9.4055387808617,-0.808932972959651,-0.2033943713875
2.12997361886726,-0.298796447898838,7.83228190330804,-1.06424274004778
-6.01030616324837,-2.19459809719051,-0.0663556903701914,5.50207580096157
-7.5077776735484,0.949142192401174,4.4513181511354,-0.667348134252337
-4.0257508490382,-0.299315614757981,0.624787811376963,7.82947583631569
1.24145516815686,-5.60619402760898,-5.77364194169815,-3.27226328546365
-2.33004317625399,7.02700728793465,-3.87472213114783,-2.09202208398977
4.35520944772843,5.62037679101242,-3.5557349947471,2.55388520865821
2.51106145805771,5.79805299685647,-3.52358215079983,3.1511441738479
1.12627167103037,-7.73180678960243,-3.65942963492083,0.888636653575886
5.3204911460467,1.90998199282216,2.86869287603698,4.78045177434422
-1.4648539397173,7.70741484786596,0.0676330897092438,-1.75335309741258
-1.38041885105673,-8.01727177304949,2.60230198281705,0.141575072918587
-3.80091974020716,6.91174837630185,-1.9944395229266,0.462189045750861
-0.72787356610892,-1.82085669921308,5.88387169944989,-4.59692630939897
7.78182562333378,0.706614880586745,1.00646343196628,-3.56816979575236
1.60851405061908,6.07540638786288,-4.19333242306579,-1.36764673922351
4.86209145208045,2.08901266434917,-4.87906763187549,2.97879771191254
1.50893192781777,-2.20211069302755,-6.39827165205883,-4.8166440472376
-0.909950334383314,-2.68737082503332,0.278014420717262,-10.0756792527903
-5.08788340025476,3.79246133533422,0.226642746752709,-5.2311385285716
-4.46551294281716,-4.35220592295139,2.8188435718619,6.95610848211218
14.5684226286801,5.65467109567778,0.107677132695462,3.78747226345253
-5.67001931481307,-3.10159262814775,-1.88654662083068,5.98086012047017
-6.30121631333325,-1.77494480588893,-3.66450809864722,-1.05849773614559
-6.21126291155465,0.912973594958597,-0.0934476580074536,-4.76456100476523
-3.20584507891636,-7.90548553902923,-1.3174712178079,1.03668500809022
-8.20268876304451,-1.71671826986263,-1.68889240260942,1.69554050863673
4.79587662520346,4.73153101255496,-0.683230823771708,4.71354725823522
-5.83165254313528,0.219022209933587,-5.72979018102627,1.16692302398864
4.88854548541874,4.54859917213929,-4.9424039616556,-4.01611763913271
-1.4748336232364,-3.00772280284494,-6.90687219086863,-4.18609327402094
2.74624636721064,-7.61735135806241,1.76567901641403,-0.0447764438237439
2.79158238911218,-5.345507112178,-4.67657916466573,4.93513996025595
-4.2702098743376,5.64879429330354,-4.44746219093446,-0.681376014186683
5.37243883270922,0.482170203217737,4.36794362188398,3.11576400015834
1.37845734708096,5.37732548016672,4.83720191866122,-2.91450675043324
1.54171638542173,5.78029681820954,-1.88306760920568,-4.43702825774626
-2.14914563148225,5.06492009323018,4.58646202203662,-2.66687879107369
-2.96734270653568,-1.77014657731646,-8.93353473412311,-3.15049381519309
0.274157965190436,4.8633793867221,-4.45331673423133,-4.16679669755875
-5.12730136236913,-0.0050078995994323,0.0945638454640622,-6.47149031100583
-3.20377504714639,2.9964528355333,-6.02253607559746,2.51858962640694
2.42316052378003,-7.7429275848954,5.77234414192353,-1.21599284733831
-0.55711120668682,-7.88476046803128,-3.22584656092594,4.70013226519936
-0.296820481492588,0.0129130773175028,6.57434705204739,4.62066991075703
-5.78490156642119,-3.0918832184981,-3.27375918551478,3.25844713720896
8.03472442049217,0.996937730474369,-1.54358207752095,0.946992752320481
-6.00822551677452,4.64942304669496,-2.1089067842724,2.15973512578355
2.74790070246453,7.31899841151239,-2.04237162051456,4.00509312625804
-0.767206049608293,3.8957617371382,2.71947086592791,7.50524616495848
6.98031640682759,3.38280894792047,-0.826100086767016,1.80315921372204
0.235272281950225,-5.72683816564013,-5.56715465363208,2.28766483412213
3.30531383378993,0.265601536737766,-7.74969433307609,-0.0458068358517003
-1.15251978022166,4.62218324074529,4.30860550276205,5.61726229254277
0.344385530899179,4.25444940940396,-1.65114190968935,7.70162352804717
7.07004940951403,-3.81685670046553,4.13165431025566,1.63990918343815
-4.50859974766548,-1.55479939768057,-6.40845622583876,1.86320403335219
3.65494425771848,3.45397076588406,3.96883640218741,-4.61346489193883
-2.90287642923708,3.09822520867527,-1.03142045951726,7.84947266998202
16.5182791662905,2.25778514388557,-6.83085134713715,-2.9503469265597
5.14734795585321,2.70078763582264,-1.79670453368868,5.06823605533786
-0.553550740034612,7.16908400784528,-2.89832726059078,-2.21953455922882
8.14307949788141,-2.22764450219221,3.35455599639071,2.89924834740729
-0.792194652625895,1.9849281194299,-0.552514313926905,-6.63933655592953
4.78696783411084,-2.76607094308528,-1.54571546069858,-6.31958879902465
0.971761861661816,3.7551950584687,0.274763427305494,7.14419900865146
0.471576631352188,7.11283725986012,3.89901250464564,-2.42852022109689
1.61721001643807,-3.8735660028093,-1.29669908764652,7.56797043343968
-2.93868404171221,1.5686064321884,5.75729847861037,4.06635284538525
-2.11264717489606,4.63144777991569,-5.25009369274475,-1.59042093134597
3.5398957637442,-6.83263794747465,-3.98960082579297,-0.26393799883736
-4.68223719200262,6.7040261609297,-1.63162978809324,-1.19482110798469
0.60989378179554,5.72971612444229,1.42945713112501,5.87245881014165
11.8793944870627,10.0537926434264,-1.01344633071983,-4.31100587922539
2.27201381230074,-2.74661736638613,-2.22339588085606,7.66008784504408
8.80660017644412,1.59048390603817,2.44342357659613,-7.62467819951008
2.77839973649663,-0.255567108763469,7.08224878077643,0.739003418857449
