-0.376563715077942,-6.19639907437482,-3.76219407102721
-7.13724320376047,3.42899153863873,-5.93966753850256
-5.75462647968304,8.09471578722798,-0.16447084043124
-3.83401483000122,0.505107673321335,-7.87819736357733
4.96365668549829,1.19766809501443,-2.40271263742588
-0.951301225133774,4.71597459154821,6.03855348782586
-3.15431766258386,2.90529721025915,-7.25322908025384
1.08740848604074,-7.23151829792173,-4.28413197777029
1.46711968739948,5.07819696516932,-7.5869232321093
-7.69613334569755,-1.56562515309227,3.76510781981651
-8.13351161758597,4.63416514258302,-1.60562004070421
3.07700593869571,6.83273411555589,-4.67494624488974
-5.81320109582645,2.43464138656467,-7.10455319388998
-0.633998424122335,-1.75156664260403,-7.2545410838316
-1.7014136117898,6.44113536088642,-6.7378500896296
-2.24295512611956,6.77813683088309,-4.33555466559345
3.53903166267156,1.88941103372347,-6.47591258603274
-4.14829001877051,3.43312735808241,6.65869610819642
0.793766192327873,-0.215061307146593,-2.4777636472886
9.84761636826679,-11.0967493657633,7.55874937969
-0.599877640228708,-3.89878382006535,-3.63977512063751
1.62992190235178,-0.825596012554883,-5.23284263242967
4.4829775046096,6.18895804693764,-4.54667374776348
-4.10900754286269,-0.844238966311244,-8.68286598834518
-0.37073316103833,9.15030168901205,-4.99167012665471
-1.99448285874189,-4.39415737267197,4.12575376397981
-3.92588489068032,-7.64870402683527,0.797079715657988
1.563782940427,-1.65948234942886,2.92749785498932
-9.18389320317148,-1.72796734345532,0.777684614843298
-3.13313858453892,0.898956086417179,7.8634370644513
-5.64020030974387,-1.69019724727682,4.71931147798519
-3.02822429436384,8.03762705550418,-4.1812829815074
6.2372742748229,4.33212461045529,-4.56691857742067
-3.49914455055222,-4.5708559129935,-7.05339225600671
-7.12755973170391,-4.33635545870463,-1.02393414800644
1.40110681735144,9.02957775815689,-3.54921775260758
-2.86014371863465,5.02598705523318,-7.34716179590855
-4.91394773249694,2.93524865404676,-5.6407038215191
-7.06142998809262,6.32102435296409,1.73983767331038
-1.36861393401258,-6.14844592880728,-4.69542757299184
-2.32174288175886,4.24076162115606,6.13742932019109
-2.10428727893307,8.16898583657014,-0.328422452637622
-0.765620139134251,2.03959370831666,-7.18379097612773
-5.09799164470555,-4.33635816546968,-4.63007119836943
-3.47139424675835,6.52907683522464,4.29741662122306
-4.70255142935589,-5.30589729373424,-4.81803544501727
-3.56339059251558,7.16038003802366,-3.56396040937242
-1.54870352404397,2.52966550186382,0.694375014371286
-1.64140878070777,3.40852027929724,-6.80451730761213
0.24306407767661,8.04290803765124,-3.72501998403133
-5.28456907444627,-4.04664293727315,-6.44889190320062
2.46266574603037,-4.43279519775798,5.10377644274455
3.23152407248784,2.26431437414073,-6.99366599705787
-6.85285466691355,4.1138406241482,-4.90607166833168
-3.93415925157024,8.8035110253134,-1.65916276483373
-1.85280866240196,0.15235435577611,-3.92393484473475
-7.2200668046265,1.47207199252682,-6.8790587502807
-2.65154666234906,0.733499191848546,2.72657300717182
-8.42380237027727,3.1710348927462,3.04634150984643
-1.62605986441306,7.10699832144089,-3.37453001300418
-1.92220691021487,-5.71573453752166,-6.12639182834907
-6.40304446858917,7.23217745488859,-1.09516620390551
4.12834154731779,-2.5247931863729,-2.44483775626858
-8.71361380311635,1.74261751284605,-1.31698868915648
2.12065915185431,1.50279608087178,-6.85769465824725
-6.87161691649819,4.49633465787031,-1.38594111306123
1.36486756244061,6.31896301933743,-3.1363189140777
3.87588708196054,0.468759248452396,-2.98540654973275
-3.96611770986438,3.30487706647885,-2.22169813037176
-1.85533736781143,7.46105122020141,-1.21632510934929
4.7698373572696,2.56816926287446,-2.03185068151989
1.2047941378173,5.04178085041363,-6.60728446761177
4.49775606057359,-0.591412845084059,-3.6355816384768
-0.0377103414617756,-6.83039896913141,-0.412907593183723
-5.8710570176102,0.652667780605148,-5.41907326751558
0.774416639621223,4.05824185255768,5.73267170536901
0.920538228638184,1.47509654443133,-7.51923435844932
-4.66509265064487,7.46392346474693,-5.45086548918387
-6.7656425919802,1.71642635810404,5.59990487171367
1.39026214958989,3.53859303125572,-8.4252307801101
-1.28663249047718,2.12984173943066,-4.23123213114671
-1.08079448187922,-1.15781705946864,-8.58835179042311
-3.90233859968959,-0.0307513234513346,-2.99060165253972
-3.89678562614187,4.50123830576745,-4.19608037273493
2.41488664344095,-2.47807250232651,-2.31658261977933
-1.53071229944704,0.238745490793092,-8.4602768364855
-6.44835615878423,2.31876524314286,-2.70648204320921
-3.10687543903665,1.20989324737552,-1.09213163377361
-4.95754935495836,4.65013716834743,0.476525567142554
-5.59014054573697,3.85919930146914,6.19324331513608
-5.67323413420704,4.1823067398388,-4.62583293897838
2.18645561654273,-5.76141284691888,-3.51060104103274
2.89124201760211,-5.60342383265119,-1.13672706207739
-7.51709852621221,-1.1852598069196,-0.446728527047589
-1.68243512316842,-4.97734613016124,-5.69579828272696
-7.39539010811076,2.9649244838529,5.81618451686294
2.54203738890225,5.86477951906525,-3.09981769622307
-6.27159971123531,-6.44544567397628,-1.00827447365239
-2.67331398769355,-3.31049766226852,3.01739787763415
0.926551240511812,-5.55525754218939,-5.55996581261325
-1.33888409103449,1.20397078937687,-7.34031629379504
-4.42400100339951,6.67514081685393,-0.583505887468895
3.44559461512806,-5.49865197055992,-4.14966527902937
-6.61658826965441,2.20735912641415,-7.06372907206756
0.691246161872991,6.04873609483297,-3.6910026855996
16.7375395498398,10.058690725857,4.99637449370577
-3.85241556895282,3.51578657682133,-5.25848374272095
-3.79526518989352,6.4109837068699,-5.03517117562131
-8.86337670388398,1.60762498776693,-0.60423609170036
-0.855680739393832,-4.34697754690355,-7.24995404656098
4.14491808551341,2.43510810755183,0.316808182324797
-7.88271600248013,-0.623174266518272,-4.81808759532225
-5.66889384927404,5.00042567380144,-2.04789957344176
-0.814841383782578,4.07800477261735,-8.11666711612257
-5.82412500561232,7.63906040410363,-3.66487557295941
-9.52757792411941,2.97520730295536,-2.71253824332888
-2.19998152392775,9.75771575458755,-5.24816586662755
0.0268160128914322,3.74653000035566,-9.19605126732578
-4.0399332662575,3.6952360118934,-7.91239306894744
0.91330847144686,7.24044076529549,-5.1563250597798
2.37194987556294,-4.39603292147987,-7.91330532085477
-7.46845846224926,3.17670426077001,-4.62166839444015
0.808152721572008,2.54763260780861,-9.61683131861982
-2.7560576469413,1.53242864661953,-5.09255054727067
-7.61967092820983,0.631170318336835,-5.08621454386676
-6.76537220237522,-0.0293261497359941,-1.07020938292341
-6.62704101062206,-2.04835183842482,0.145648975288393
-2.45686796477697,-6.53757725355858,-5.35858354491478
15.4449416988108,4.58680669132959,-2.9195106344235
0.217497363454756,-5.70545181903389,-7.79256103290483
2.39115736814962,13.2494962432688,-2.88902665066704
-8.95444347729791,-2.83304848451462,-1.80226567985746
-6.71744855180286,-1.38960256219993,-4.61739885915502
-4.63716702340852,2.9937963009409,0.0330683070153436
-1.14599535543252,-4.29216862501383,-1.64299146472805
-6.42177717357945,-6.82113458498695,-0.148701987380984
-5.9702300309638,-3.55521758543085,1.77709561437009
-6.87633229972485,-1.00651817364164,-5.50068176930078
-4.71067880854775,6.94814081593721,-6.38370704553678
-0.123126725821272,8.17572570830647,-2.93063070404847
-8.01482778061649,3.62627156364269,-5.43894115608785
-0.587906636450998,2.53807473731997,7.20866625103868
-5.33154300940486,6.27290530234238,4.87828373139063
-7.57591609335229,1.91991267455811,4.6955411392709
-3.53828158639815,5.51460455741551,5.80442267715396
-3.62463465133407,5.41943525068998,-9.89681148489747
-6.91165169754479,1.05063784682809,2.79415808601993
-4.64413536971688,6.86623895735132,3.60292179693349
-5.6215059249441,-2.15098984925335,-5.09745143977003
0.941602346232611,7.0133115691484,-0.912391024558908
-5.728230651009,-5.42423361462239,1.94121967466585
-7.03626862690302,-1.52791080088124,-3.02251234135696
-3.97591368750176,1.25286831554039,7.43073575175196
-3.72318221849896,-7.22679227185606,-3.78758203790599
-7.92385102570351,1.45352359588893,-0.804898125845015
-5.04753370972802,6.39279262687994,3.82102201307567
-7.0610944121889,4.10711789960638,4.97571338236525
-3.66415862230411,-4.51601340627326,-1.58796709502827
-6.53090354831645,0.947677975008403,-0.216180372535946
-9.15599386150529,0.706983943999736,-3.19129677965147
-8.97451610096174,2.89565842612348,-1.19843810843026
-0.141778173045647,7.19031309938118,-4.28993441596309
-2.10177849799762,-7.73184171814107,-4.38583403934243
-7.50370863428133,-0.871980051529857,-3.81740369124762
-6.20511817890346,-5.46225169412446,0.184888592581014
-4.9821551282819,3.16724708669957,-7.84508856816905
4.37953542496286,4.63549311310843,-4.70852787160355
-5.03016572431677,7.01962920453472,-2.42588170490721
-1.06885664854227,0.36791909199044,-7.47032190560657
-2.23659649922058,5.79774999634499,-5.36748382841007
-2.96892896724594,7.54085017810853,-2.74764304727286
-4.72540883180888,-2.48082584288305,-7.54576057563237
-3.22060156199906,7.0026760194787,-0.70100908139313
-4.50130383663564,1.65952858370531,-5.43280008263715
-5.36389831961954,7.15830238461186,2.89783493847687
-5.3377602417961,-7.22260655581889,0.268047372486057
-4.45938140949309,6.26218490838099,6.14469933569468
4.33048410493238,-2.28291038766976,-0.999398987543172
-0.953142921413011,-4.78575764822384,3.5084010008974
-7.69176261404207,-2.13539383426731,1.28494617941928
-5.28907888359476,-6.43711222139398,-3.51908757498091
-6.82903538010012,6.44494474869099,-6.27741044570395
-3.32284781253997,6.29088289434751,-6.46253625984648
-6.99647737115446,2.82281423586323,-0.0782337136274999
-8.65621006819674,2.3315491934538,-5.01983999929598
-7.56400604683126,3.75511115441202,4.04888858129636
-5.64754995500799,6.76427378216332,-3.26769095563235
0.0400600019444161,5.98203288439815,-6.03199383651035
-7.4533476922291,5.69357160054325,-0.633108428106231
-6.10688906830682,-0.338549389383191,-7.00083153619591
-2.40823505538823,-1.56541470754095,-6.24191449967585
1.42744833740094,7.37399616646225,-4.47006374966284
5.08596645062193,4.10223868820717,-7.00338337523921
4.25389723398245,0.959932416361942,-4.13529830301488
-2.65696837831766,4.97615162814664,5.2792626368051
-5.30890314184168,3.66278408050932,-1.03655478912831
-0.936016288984032,6.3769959470447,-0.859873628322648
-5.56384666492157,-3.30596200664392,2.65755988595917
0.353361135372184,7.3615844240402,-0.202169075985463
1.90020877800077,1.68601379689183,1.98259925173043
-5.85120555355855,-3.33379662361266,0.554207574278435
-6.27939454773542,3.85088422367475,0.2894924749309
-2.39780098276516,7.61073322016297,2.59753996654179
-8.15107282062085,1.82633167728023,3.98827780767447
-6.15925072528443,-2.70273044525055,-5.70709684706829
-1.33397779738521,2.39616742438015,-8.25761368157313
-4.02834602873417,-3.61525814354489,-6.60357866914132
-2.12590109930442,8.87847886935521,-3.53428230680564
-2.76155071490365,-2.32579434931988,-4.91635870005134
-2.94637815098947,-1.95863353251346,4.07799066878314
-9.18243732813204,-1.32089599616793,-0.475402023396375
0.347859781483411,0.522302736306405,-8.32906726298253
0.917661208964901,-3.32982258839302,-1.39988772186968
3.75236988515245,0.796962187463185,-6.79467922212941
-3.52938351328132,-0.724009712525432,5.3527430927765
-5.47578950720089,-0.41076310933475,0.291076648282933
-0.17796960505984,-0.705880780818138,-0.43331001995395
3.86351601663881,-5.00997004051134,-1.85033267199592
-1.39016984888525,7.69802301586758,0.361236280236866
-6.61213995045039,2.67481959869913,5.60026817668945
-5.32886585646442,2.08657204334119,-4.23814782095371
-1.88614225396061,9.27171914703748,-1.24784055033469
-4.17358549433315,-4.48444517244682,-6.34043333723861
-2.49483739419119,-6.46264706685114,3.59158099506994
-9.11019203212939,0.0583640467272678,-0.983120967121746
-5.13772754942851,-6.01013027239137,0.273776824923113
-6.57864391923376,3.39455646028238,-2.55993085498184
-5.84000542483788,4.88112105199387,2.39131710487692
-6.44652851328255,-0.905492678294082,4.6425215415048
-7.49457719020236,-3.03505431284009,-4.36957320871529
-7.25594018143265,5.52438525278775,4.32323305565814
-8.85312950417139,0.0359401523461006,1.62331340007672
-6.2719131908082,-5.68013377327332,1.05940321277259
1.52589914557247,2.39835832548352,-6.74318689489127
-0.291232189606105,-2.49267041866663,-6.55853205736868
-1.46855146348125,8.29524255271549,-2.1871866950457
-7.31807750652321,4.81295333038876,3.42215425839705
-0.201519561571264,-1.73139602732902,-8.71589127188176
-7.76644256659883,2.13840048525509,-3.32373675067587
1.16113525329198,-2.63263887166489,-6.56837735104049
3.03469951230347,2.54012547439322,-2.20592040592282
-4.44391141676884,-7.38931499574383,2.0797413369339
-6.36649204473542,6.02737366649,4.27676695546784
-6.54378138573523,1.62985045035996,-8.39639134471688
-6.0937531640722,-1.5215264984717,-6.90087016668078
-5.8914418629959,0.127045055140668,-5.88880292506087
1.8022860297478,6.02873514298185,-6.55034302298909
-2.28042790867009,4.7300791928496,-3.64221890810502
0.885024707090241,-4.57088870084477,-4.31037522464703
-0.406646301421765,0.988036459707276,3.2162529045413
-7.07572468664508,-2.34457814486034,2.71629886341867
-2.84595699130842,-1.39479102008773,1.92649428209175
-4.45936656609814,3.47042500884753,4.87722603184279
-5.01067128092361,-4.10716648986277,-1.45971137461358
-1.73032780967336,-2.73616851176475,0.701380676825199
-5.23543007848409,4.70632680664096,4.50411736451991
-4.83980594783569,6.63366906601065,-4.21024961768638
2.29942930860824,3.33833986937812,1.26456265475046
-3.14162765506456,2.47498150077515,0.420744441382839
-0.597220459395438,5.09928826778238,4.83016563352666
-3.65276808336071,-6.16089601121776,-5.47656743460104
-6.20650538240747,4.40487843716579,5.0412402574344
-2.24775727838228,-5.27280734218815,-1.10115814903119
-2.69122550578329,-7.08817742015457,1.47162850876173
-9.33055167888952,2.37889065382872,1.08869329106179
-0.830779728434957,-2.34324980683717,-8.28994761697806
-6.97050365538719,-0.220003437002735,-5.11119492653758
-4.84869263555118,-1.12041624744236,1.60561920805664
-1.50291720326688,5.69372698317041,4.19972500356132
-2.30984181804644,2.96508565531067,-8.41803706030096
2.93845991841453,-0.880660599874729,0.17713106907652
1.561832070154,7.82961585802845,-2.17725116308133
2.52693015675603,0.534407683715503,4.01416434119727
2.21987694216281,-4.17117811492511,-6.89188143448186
3.423605406713,0.0736093086740895,-7.36847034008479
0.534403849112318,2.00113035479968,-6.29302509097784
-0.325839273123933,2.64117867952031,-6.3073834718154
2.0891854082774,4.74901177228227,-6.55647392032346
-7.97741149718724,0.834202786887302,2.03892193391091
-2.62725719058733,-5.05577560824554,3.46451777557634
-4.51687372670521,-5.82857524318111,1.8395936008149
-2.1850073781691,-4.85380317900013,-3.66201983956025
-7.74436950875498,1.72201574724224,1.03623030984095
-6.09739107084932,-2.9285124574777,-6.93687733234601
1.06609766394176,-3.00080659364865,5.84451959951129
-3.75195922474751,-1.60946749864236,-8.65970420607946
0.901472939281141,2.29157257403188,-7.35715606924113
-6.07872853393928,2.48326862039807,1.41805424108918
-2.42042754413238,7.79440595304549,0.639928653646366
-0.243598198790893,-5.22909029182944,-6.89995892125853
-5.41325667255027,1.49752476865279,-6.19961723750826
1.8457947259785,-3.50306626082795,2.11209877855552
-6.52253236634381,-1.43377906098072,-1.76742072934426
3.68666545100916,3.2963742417796,-4.24093812127177
-4.68875504824306,7.71401778992081,-8.10064467875187
-5.37302315787892,0.97727247455427,4.47687705816178
-4.69909415387007,0.433219068830209,-7.63081660509771
-6.23570635481475,-1.03612732280774,-6.20407612556479
3.40041434498306,-2.95348779398073,-3.73837707592071
2.09546478841422,-1.24465267951583,-9.36982014318454
-7.08603158708835,-0.575043885526515,3.24194161315874
-2.94436700894431,6.62165831126151,-5.61354049285402
3.69843354406525,-2.1768547256848,-7.16613073224312
-6.1398515516585,-4.70259640782361,2.87375857250143
-8.30538651805154,4.55126839665881,0.664228769366593
-6.79076803644731,6.91752127555492,0.343716804487294
-0.597034235070098,-2.85151068406852,-3.53622032195444
-3.07568395057252,-5.00244318987079,-5.59513283689219
-5.91034500127882,-0.449413255980971,-4.3736234684193
10.9805922511606,-7.08063447109482,-7.80014377993203
-2.6631393702685,5.74983400230676,4.87881866834795
-0.240753010001318,-3.34930209892102,3.36896299942944
-5.65715094839979,2.30878454535413,5.43446833016442
-1.49460529427284,-5.97812197203865,-3.87504560393554
-6.68300302996079,1.72734064880211,1.44032716898571
2.38567481054813,-0.720847188844212,-7.8714273944331
3.44745277764156,-0.462021560772651,-1.37542013811702
-0.387391648542468,7.53680180821201,-2.05428852732859
-4.86197116624648,8.91630520360619,0.430050781803045
0.640328361215278,5.13152442007425,5.82448054083877
3.25807154542605,-3.88529217350585,-0.502829966935834
-5.03286252298614,4.76213132059012,5.59117092719415
-4.24904940860775,4.8926864784292,4.81422640196313
-4.57440084112477,-3.62884696775165,-5.30332217155056
1.47585090970068,-5.54856899324697,-0.443110593103584
-6.9558428594658,1.058616896678,-3.78629648607735
-3.36337871107814,7.98719547692245,-6.08426580219141
-7.3443261074961,7.55213033884416,-2.45160064755047
-8.6979528836489,4.07262817972868,0.172772172249031
-6.46259486891391,5.94030946827226,0.42555346001245
-4.52161773587735,-1.59529378666261,-6.15469636961554
-4.9459182871784,-6.44281499193377,-1.17542147934116
1.35368762422558,-3.01033869012385,0.976747209404155
-3.01595837901822,8.56738276723848,-1.22215949945347
-2.27947331258217,5.90509714601596,-6.8439638167212
2.15746866788657,7.2214729797464,-2.8129118460819
-4.14102322183089,-5.50092569691797,-2.53734358803094
-4.46350791461063,-3.89391932064688,3.67353209469441
-4.89590707334336,5.06978100844542,3.18441872337359
-5.49666245797009,-5.47827112005595,-0.296162120558125
-7.78155209677058,-3.48856142886724,-0.511010486043018
-1.56402111614027,-7.90341172738151,-1.06446383352917
-6.73980153203606,-2.05796348981821,3.73551619824021
-4.84727891493549,4.59644390921984,-1.91055144307412
-8.93490216532115,-0.398603838377431,-1.64144996383047
5.01590726214889,0.928468928641549,-5.12094520145874
0.399201090739255,-4.07748215303036,-5.96820615181733
1.91502744269375,6.79619475073182,-1.9076405478983
-0.348315558170683,7.08476753621326,0.723705407617928
-7.75291875043664,-2.54521890114679,-3.49363505222119
-7.64989402349519,0.877009251621043,1.08136414347187
-1.91892928211283,-1.54475452292359,-7.43521632484233
-5.28874611709286,0.266227753028602,1.98267003690569
5.00666153952803,-0.936256637475754,1.05347871311645
-8.26976310268068,4.07900330361913,-1.26464231031862
-0.380823732295589,-4.71263511557316,-5.07285483371478
-2.42086423911194,5.63305194110708,3.7401513844148
2.77197897556729,-1.94324984653641,-5.5939666080715
-5.99625366251714,6.56263723188261,-0.492292776177519
-4.25091179625086,8.01973420470955,-1.66968356857673
-6.05346666436156,1.8177950734869,0.0241140609713982
-2.96278771352874,0.145076501290572,-8.11519662803303
-2.7559011813529,-2.69001928255193,5.42011515564233
-5.37462557199008,3.06747697006347,2.45908865736961
-7.44048745351896,2.46954733351064,4.3819608329393
-7.75050468559507,-0.033089094562221,-2.20261174658207
-2.04206575092639,-2.48223352230538,-4.1412385546459
3.90188686081409,5.10203992810449,-1.72714660079204
-1.05836479030086,7.59900702609842,-6.64325784091037
-2.56277297402693,7.19632941576275,-2.03781054648233
-8.76596036933424,1.58919093927798,0.112284854149411
-4.48546782649027,-3.8009268192247,-3.33289624629393
-7.20344129648207,7.61233762288486,-4.90250701826208
-4.16252998783508,-0.798735148376055,-6.76297160470106
-0.569318094351083,-0.0138461596308531,-8.74044584876163
-5.31067500554629,-1.83314509237723,-7.21832337058144
2.42027570992408,5.82088671746566,-0.477503736487409
0.667745154691658,8.00609891057451,-2.49973040352639
0.147334737651886,-7.49723259133392,-3.58176757120707
-2.6285874321723,-6.95479474343426,-1.2854809736096
5.54490695939085,-1.38911703253771,-3.78817952191983
-7.48288767571393,-1.12636899522175,-1.9260054717558
-1.83947200098484,-2.50941004823327,3.91380958424794
-3.96035474719332,5.78054496416777,3.11590568505056
-8.17020981190728,-4.69132121146605,-2.20851348674883
0.835933671784504,6.67226872644088,0.763639156146321
-6.37408532202721,-4.86393113134049,-5.36217606197327
-7.90370149640826,-3.4307685456939,3.90687791925908
4.51779786859341,-0.212640238635526,-5.02763624631272
-6.22785384121189,3.71790710182117,-5.41082911592394
-8.38261087371533,3.69659324852726,1.62264294631557
-7.90823213962059,-3.34452262730678,1.47345103571227
2.17127867040639,-5.34241310732894,-1.74201173171922
3.58251695575321,4.54541602233287,-6.5875096940127
0.0185753385249496,7.97262380067783,-6.19579964018862
1.84537626127551,-0.97360013932131,-7.3843460616605
-8.84987391720513,2.50800731182643,-3.51169764744881
-6.5334152759489,6.2848123278212,-3.52017989303022
-0.390738193835739,1.0799602358548,-7.75412992835879
-2.13249012905383,-5.02268503570736,-6.90507724456043
-5.0476096056012,8.35835902314392,1.57406434583234
-4.30020818918637,1.93844526963889,-8.44792960461533
-0.802494127914824,3.47512789679131,6.72062459665952
-3.05590255209872,-6.97041971852663,-2.59753479224616
-4.33215601768727,7.63545679654766,1.09422272737952
-5.87474964296796,2.51351829253631,-5.60184388927525
-4.65410549973674,-1.78342814839627,6.72665252948447
-2.19363193140068,8.0814078121135,-6.22549955806202
-5.50980557110985,2.43053832674021,-3.60103089007818
-3.9442037739975,7.93653891782586,-2.85962371282699
-7.37248420029712,-3.11923290806526,-1.96530089238081
-8.22438643445542,-1.32425159507289,1.06690064155049
-8.56264707834425,3.88491213790827,3.51328278277003
-5.91482446196527,3.24440608836475,-6.97847756626264
-1.30778653367859,-4.93346493182945,1.64506503263382
1.09239787933486,-4.43170167187047,1.74620670275727
-5.48973211010545,6.42935937406895,-5.63814694259365
-6.60238080562197,4.13818524399054,-2.91567030070736
-0.666561854322924,-4.05774389779163,-5.82465749064972
-5.92187762210408,7.39408966643894,0.585446424001934
-6.31650610310892,-5.16539196631338,-2.83858491893034
-4.3196860787625,-6.72605687186285,-2.075744594446
-6.43637957378031,6.41066795235035,2.32981509551048
1.93266803949147,6.55162206316478,0.494193149537001
-3.2908559214877,-6.34256627027061,2.11566363805671
-7.05598840834125,4.7037186238542,-0.641764691844596
-7.86660746305215,-3.58203912060913,2.33732386396836
1.24387303255132,7.09582237581929,-7.21792933708443
-1.51609900538545,-6.80671155871034,-5.94243898131107
2.94225410269868,-0.713296920449357,-5.06385422712108
-4.39560510223174,3.92059411510772,-6.0811886077441
3.12991748906219,-3.27831593200782,-5.57045113169397
3.81906550894964,-4.68384414290958,1.96820616469937
-5.45567986868146,-2.54950465800817,-6.00656737811027
-1.47740752592108,3.4643789513899,-4.85952639083713
-7.63635432197829,-3.80389995560411,0.385793523116952
-0.023613210428784,-3.16523397107831,1.27768323168857
0.617678553745323,-2.29747733509912,-8.36606064373614
-1.96175298682329,0.478342630983279,4.80117216370221
-2.07934461033044,5.14472941806102,-9.99260635435967
6.47714867261421,2.38301975638732,-11.0184834806569
-1.56424053099773,5.22827503349822,-7.8987442468963
-9.31222359540527,-2.43221673295333,-0.234133004831501
-6.95377080712006,-3.8384140683899,3.00584193923795
-5.38585513634701,7.59498305025492,-1.75775207822214
-6.5004052959934,3.47289113842723,4.31410286418194
-3.19808150963091,-0.952403249240766,-5.62162410433023
-4.76715532216819,1.44734794784307,3.1036476247724
-6.94255340153997,-1.86429290946651,-0.987977171608612
-3.43284946142016,-6.06952667210219,0.720935468996277
16.7716179821691,-8.97427949181313,-5.20735598799039
-2.18039737262146,-6.90978954194314,-2.59282050911257
0.78405203343324,8.27843066201215,-4.50630895516697
-1.48793173011582,-7.15776320517875,-0.340668911179379
1.65872804771064,-6.56409264223047,-2.43474801439877
1.10341553191678,5.66298782057917,-5.61410312734504
-2.86403058627983,-5.22276881410655,4.7092713456866
-2.70814196909669,3.66371520139061,-6.07397707545633
-4.28426934289885,0.323380662231574,4.27568759026374
-3.63530251444663,4.33260498709871,6.19368038445137
-3.65581225997717,-4.3177945152522,3.14463952600258
-5.98593793194675,5.88816287309084,3.47695330306835
-6.91925328447167,-5.31366560629565,-2.15542716569328
-1.311339425551,8.52379123280105,-4.36371857100257
-4.44261121387618,-3.12866893168311,-6.75968148158488
4.3920337540967,1.90344298973212,0.762602563332089
3.34812332006477,0.804904241670066,-5.15491670872859
-7.38606208441556,3.33797028285173,-1.73031657106171
1.25451291711097,5.17207945683,4.37186493764479
-3.8882795889982,-6.31678540752088,-1.01131145070168
-8.33549920649977,-5.41067173658457,-0.712044387914808
-5.38012644535991,-6.34308497556018,-2.26090691826413
2.44618934778844,-4.56916194442808,0.44263398538291
0.698830722523637,-0.234369050155952,-4.56883164392099
-3.41047127271404,3.48494637723505,6.98542872704984
-2.09500980911604,-7.90077827457637,-1.76133140263308
4.25404895488113,-3.84975614645863,-1.24714942915059
2.49403762849991,7.7024966761621,-5.8593366169727
-3.78674825021464,-5.64540854724187,-3.37630497248232
-4.40371369902177,-2.81411193283297,4.61856823717637
-1.51203869281002,3.03593410888518,-9.13830606404774
-3.59677338538563,-5.9527418325027,-4.50968028792184
-5.79574270581961,5.0216715785955,4.45053032696785
2.7218103072453,-0.158322819453913,-6.01928941577854
0.583730671625205,-1.30505089944362,4.35100651942374
-0.404633038589171,8.18424909311603,-1.14676621637318
-4.00590319730196,-5.2880205050239,2.68445654845896
-0.875883290120884,7.89132853033662,-0.451026651231639
0.675998567843274,-6.2871577587476,-0.267118626445011
-2.51310546316858,0.314538153354202,-7.01030520700263
-3.58319732492881,0.743188606449946,-5.68124345692523
15.8128024488588,3.52178701661698,-6.46690839422627
1.38260821626811,-2.9895078597885,-4.33769631783052
0.55904392686819,0.762644166006306,-4.34592870404507
-5.33419692624457,3.86363153822687,-3.41444535537871
-2.51175732168419,7.3098903350774,1.22289805661283
-2.26030190134056,-3.19992680931439,-7.19126837497827
-6.01239551614203,-5.67340619373403,-3.57814267674231
2.47248499756605,2.18999497864214,-3.40115424398512
-8.43442269863492,-0.268597937228343,0.66701831899826
-3.8183948911227,-6.91278898782919,-0.407675610675628
-1.24743589230055,7.18875071369207,1.58366158073418
-5.08285120835847,6.42538873047221,-1.4163287857168
2.55448473405321,-1.80992076931399,-6.43686503175114
5.43472164306576,0.375320071669349,-1.52570776957897
-8.81514457000152,-3.25202590658618,1.53008269323876
-3.09032435230148,-5.66719764173991,-6.15949914364028
-2.67123036786459,2.95777571404546,7.30405280923045
-6.16267040688723,5.13807372038401,5.72615174744681
-2.99847107424938,-3.31534007174949,-6.90699167812974
-5.00471860752124,4.43918534603235,-5.45298817989031
1.22355872395861,-1.6957239382804,-8.70995645165891
1.90230806031813,3.36123031682928,-9.50199448122189
-4.59940687829792,0.48978652872799,-3.97103687274982
12.5972667808957,-7.37740796390474,11.5882394052114
-2.38301791669104,1.77425490688006,-7.22274583258479
6.08764634536511,5.30267578168498,-3.59945186550287
-1.56382783877297,5.16985260212291,5.571760573914
-0.565826329306233,-5.03858389200558,0.798674344907303
-5.99335488672438,1.59233101560372,6.17507288133967
-2.41750679860136,1.90837327114453,4.09170968409698
2.71601862002405,1.8302861603066,2.54448232080687
-4.90006696934811,6.08994462871315,-7.70592570135501
-0.639783083273366,-4.08688424691047,-8.97020366171792
-7.27042181986712,-5.49344621232162,-0.439425608436011
0.241333382884906,0.320616348468585,5.04595156676641
2.84969301217669,0.264326180981542,2.56586546958933
-9.29607974046549,3.79776165328703,1.70222328558085
-1.56170117973927,6.39697154186292,-5.63031019707133
2.00522453322399,8.37791750328147,-0.863629180791322
5.53995260323624,3.96865131438123,-5.31013361478044
2.86162812848996,1.36359392023929,-7.66797822242288
1.72841497787807,-1.94916050659126,-7.5185218179409
-5.50196997783399,6.15123484346019,2.17863110654628
0.97113833449859,-5.29219950209335,-2.3844105697801
0.438803626799188,-0.860146965189579,-8.60501304144292
-3.848421546391,7.34515215775923,3.48114207623789
-7.30549778027513,5.6357792560526,1.13528155653121
0.78949378187857,4.95544815296343,-7.60951785877481
1.1343481910585,-3.4577221889662,-5.7060330482063
3.72574984274759,0.12665543347393,-3.84536067773277
-5.1769765990946,3.32991420811827,6.72098541769872
3.48790710171613,5.62332836582868,-4.68991353259521
-4.99310284485142,-5.0506797215126,2.72878909829364
-8.90485577267577,-1.55278430069178,-3.37477005414472
6.77136191171447,4.42345173274449,-4.06737994609367
-7.76305557094676,3.52659426424505,-4.01989032863127
-7.93854186345852,4.69764882007269,1.35956171651126
-2.07300024055799,6.2885201772346,-8.12788771456716
3.58317070020666,6.04052234362225,1.33314544977543
-5.23870082967447,1.66126759050069,6.7026254587705
-4.96204642626822,7.7588723442194,0.488857904910157
1.85077433424178,1.18412630856982,-7.42046464086158
-6.32026142433448,0.0950236818143919,-2.61297773706887
-4.94541823586224,-0.3476345333928,-7.47615299762101
-3.22859009654265,-2.15972964871758,-0.894540051741211
-7.61807054901952,4.40328635050624,2.27561440305138
-0.00732397091006016,-3.0904746602644,-8.09911612999175
-9.52735219778272,3.84523943003285,1.02240689754454
-6.77859642334714,-4.04643022101225,-2.39462680501847
-5.97809324380206,-4.4583565721319,1.17405746088185
-5.96725279485182,1.44477277798374,-4.67574516497411
0.000502069382817378,6.04933834664746,-5.28229426655736
-9.45924865975036,1.43837347207238,-5.14235150663709
-5.98472698889481,-3.84745972806543,3.7073943920978
-5.08768796703092,8.58246212511413,-3.06692322721517
-7.66958997536671,3.71741272687183,2.62984631146585
-8.60994652388645,0.0601707403339755,-2.52365883070407
1.79088833960716,7.63970098824096,-3.91814508713836
1.08241900624534,0.899660055139676,-8.73814820979192
-8.12207811281165,-2.80987434526674,-1.17019316276798
-0.14317373540994,2.74925470756266,0.220383950278954
-2.73482642687291,-7.13239700589688,-3.60285644856025
-6.37925332515877,-1.51440764760332,1.94392203951119
-4.59344710280315,-0.396707318732338,-4.98531451582651
-2.30927414180423,-2.37086789514147,-8.03023866898502
-0.761408586606402,2.65047362891058,5.84710133667655
-4.02732389883655,3.56625128831782,-6.73788830874391
0.754330428395629,-3.91972362930888,-7.35945876081492
-1.6286103697548,1.1177124867602,-8.88742846843006
-7.3692375900153,1.16964125058128,-2.83279719289465
-0.440086424224519,-6.21206009536978,-5.70470603416743
-6.72518541779292,5.1201726792881,2.76402645862895
2.7721251056344,-3.37327202581956,-4.54395786202495
2.26076039969872,4.44480749026947,-8.00777613056446
3.69994397908288,-2.24765108267008,-4.4187408061534
-5.99563464323669,-0.503569438053031,3.50735552137465
-1.40816704940054,6.96656220395729,-2.16742166267658
-4.32491661447121,-1.11035762564861,-4.07335803416187
-7.07155364556682,2.28097737378184,-6.11081082173258
-0.035365455394564,-3.63003043320031,4.72556105828337
-2.03865113024132,-0.684850363244873,4.54074487455844
-2.65511781340412,-0.785999080325652,-8.25643423128967
-7.1731755345242,-0.312752415008603,-0.0226046515523898
-5.6134650848393,-2.28590575071203,3.19583482997668
-2.77490195546185,-5.5167418430041,-4.7200417133155
4.75522609025488,4.86779942894015,-2.05905049952969
0.849663600706211,-5.47058537953697,-4.54893730896392
0.377709601638414,5.76971125008906,0.82584710149711
-7.89293137223989,-0.516650524187947,3.41376409392191
-1.65043863386841,1.85835780566171,-6.66520839272731
-0.92011772722874,-7.73138047879546,-2.21767352697709
2.89087374023564,5.61195704697674,-6.12062513501265
-3.86398340275618,5.45612405852076,4.57276072295136
-1.08636531862631,-6.49552420838237,-3.05848279621466
0.320745839337886,-0.5751311238739,-6.12544783026791
1.08630352866088,3.15379145852851,-1.88779061605889
-2.11952876773132,-0.579867992274432,-6.93396936860399
-6.35666782992744,-1.79344193635763,-3.323633092167
3.54781887307314,3.75211355759052,3.90571871901115
0.269712238730562,-5.70497094108885,1.00497618382804
-8.82224073081362,-4.23777344586183,-0.907656579354071
-0.116565530110069,3.80908711310509,-5.37394560389789
-3.28156780322502,-2.6081284539097,-8.18989221601496
4.7001565577746,-3.78948615792709,1.95234892028371
-3.56824079019479,-4.21732073997064,4.58603086475033
-3.81931008222536,7.09658077269414,1.53027174172985
-1.06813690720908,7.11285618709132,-3.98441203773635
-7.78255875057829,5.83657321950669,2.08240037413666
-5.20374720519345,5.9023826318633,1.29087117421438
1.24258899383593,2.11780265697,1.66716380271381
-5.88662419816468,-3.6890997416248,-4.62096664310614
-7.32028222765359,-4.15783315306088,1.10522460367859
-5.97904099484308,-6.27744019600537,-2.62923320171339
-0.631904875557608,-5.86671217000081,2.80413525774912
-6.2208421577478,-5.02857947366953,-1.50254400609241
1.62473520078878,-0.0212535132488262,3.19132213504832
0.877767242353882,1.11731457452419,4.25690495636349
-2.83477934310455,-3.89745405600141,-5.95431124609577
4.25261524371688,5.06107370111688,-5.48307037045706
1.71745432980418,5.71304140360072,-4.65494513245987
-8.34324100959714,-1.94566820944487,2.65213766131678
3.40396542237262,5.25115756864935,-3.35042537707152
2.73795680210937,0.833949961287694,-1.61784274471943
2.12343142373645,0.118061054903726,-9.04984505020744
-0.0702633791690277,-6.67008051114989,-4.390794516946
-4.49487014054754,6.22381382766946,-3.7223890372618
-6.61314017089069,-2.82938031945612,-4.26196538126921
2.18845152509181,-3.09239000741167,-6.58390698245722
-1.15767607673701,8.70423427863542,-3.08525700564663
0.981922483461766,-2.46404153810644,-7.60301828100965
-0.969633363398139,-2.38935623310568,-5.34722521767267
-0.315194227119788,4.64559266013988,-7.59413319910417
-7.19775382031236,-4.60063979831215,-3.94663015109993
2.99561769187633,-1.1893937053678,-2.63394857540057
2.45725955246075,3.6940780123799,5.76353626803412
-0.419852677884885,-6.75472287505648,0.156594797976878
-4.46319867081446,-7.61168666141291,-0.595630237174679
5.37072127473889,-0.157741956867246,0.0630670368535814
-2.26522383892719,2.68483171815507,-1.75169097613162
-7.42469130796156,0.0212420119192944,-2.84109979184587
-3.13332940023904,-1.41395489581232,-8.92419594129792
-8.6859737888074,-0.154429187409912,-4.12018347950168
-5.39413254282711,-6.92070176560019,1.25823913339119
1.12384399750719,-4.9200883889341,-7.12004966657127
4.01105866435008,5.25942621332806,-6.28016755622659
-6.955974646925,-2.13801456028611,-5.19740795182648
-3.95262566280078,2.03455876054742,-6.8389077945962
2.84195372789395,4.36335294950602,-7.24444222811771
1.05339931363952,-2.62761800628147,2.7433849181055
-4.37488087047573,7.4625995115468,-3.74599499572764
-4.5885665361706,5.77666650675909,-6.32594718138975
-7.99205511102402,-0.807436079842989,1.83531751089805
-0.397175790852693,-3.20409536240512,-7.45666829184487
3.08625617612654,-2.09290776744357,1.78809227729428
2.01777938623801,-4.64918792917366,-5.63685924019286
-5.23328168717633,-4.35049164159666,-3.1080634427925
-0.300744115544151,1.80443619916002,1.35981898935081
-5.87926491043705,4.9306676747971,-3.50817158302981
-6.10597614112252,2.75467043401298,6.89313254000798
-4.47964284900418,-7.33111704477811,-2.96292255711997
-0.765208331445463,0.12240863256479,-5.3292516649143
-0.542803315037719,-0.502098719571394,-7.47307108521316
-6.80027400210622,2.10625686195825,-1.15488864467725
4.77939156569111,0.270298163732606,-5.83276244031105
3.67431089635098,-1.4724332078789,4.11642193006787
2.97129152414989,-1.89844115003721,-7.94414389375237
-2.38273230473302,8.33103380114934,-2.11419480013749
-3.54178246486841,-2.69960277690582,4.25021083413439
19.0587261755863,4.84217876753149,4.30647000369298
-2.60607113238414,8.11509479784359,-3.38273152259774
-2.30120546361157,-3.97730532837365,-6.62690817763181
1.59584819633507,1.50602906779324,0.539738354097494
4.59062609696591,0.726090502841665,-0.326345630739327
0.748076810701643,-6.97369208584683,2.69905694749076
-1.9326231388167,-1.83319151833679,-8.78337294088424
-3.91518415849817,-2.42955215017665,-6.66076123846233
-7.7332545504934,6.888831970189,-0.554956968501959
-9.57643821959984,0.283397965375561,0.25801521804123
-3.20671879283125,1.1086716254077,-7.83623118633745
-0.953982387650815,-1.35138199135649,5.50551843212836
2.60541501688028,-5.15422951796564,-4.64136039134376
1.87901797571621,6.66975330040958,-5.26611135140057
-0.843225264487581,-1.25692570290562,4.93011939373532
-1.30203033038599,-3.6868388875814,-7.08261913420769
0.792876097654131,-6.27343345538548,-2.81362818397048
-8.13548861029974,3.27382029368883,4.61823010473003
-2.1472860618265,3.02583417794533,6.25612429887225
5.63151329871475,1.98115947058659,-3.8363064045964
-6.69514182017518,-0.193095191836903,-3.91446563155181
-5.96862878055776,3.53584146172909,5.49997188300616
-4.85028593262896,8.42898711125401,-0.617336975633534
-0.538627606043206,6.63713149549032,-4.66772402021163
-7.6321088522949,4.43221276102637,-3.85821904950952
-6.98625359067671,-4.55020534050454,0.274650073229825
-4.2685892931168,-5.98888684309479,1.01589735175807
-6.66306677977112,0.652195331926706,1.58922930615134
0.0279700010500163,6.83897402520072,2.35460739090201
-7.62831437097205,5.78813361874206,-1.45540440618084
-4.39406701465616,2.31667431784359,6.36681101661507
-7.06458138476037,0.287685272435005,2.83233309505949
-3.55809678296806,2.84279160822417,-7.95016070750774
4.23282561553868,-2.25378394427096,3.65782860058839
-8.30440295381982,2.65501968194493,3.25337374964209
-3.07101110976186,4.90008984259081,3.73019845289156
-2.12589339152275,-0.354401353596359,-9.48224836691677
2.19951788884365,-5.53236428753205,-5.37074480296979
0.641286192698869,2.03275772752341,-4.1764432236016
0.534742038461039,1.77739509906966,-8.41674435548272
2.66195238302492,5.71050827577031,-5.51697186113224
3.14400127940614,1.85457479521253,1.56738244987195
5.37284900595453,3.73608554671713,2.4442781858412
-0.660184609067122,-6.1387982502922,-7.05859902811941
-3.43914813564266,-8.57527388859853,-3.73162464474741
1.48893622071123,0.116553365562665,-7.77162949622578
-7.93045000170286,-1.9977385208999,0.200284127708403
0.533634082568154,-7.68032948200158,-1.71445851916816
-8.77795984566039,-1.29395851525625,-1.97981020567309
-0.833763321126903,6.00806195327771,5.06838635787498
-8.00731683486118,-1.90649114010332,-2.3534055433846
-7.74299495296642,-2.82487309810268,-2.65182358011911
-6.14514497026746,-3.65548894201451,-1.0207807224613
1.08760593193511,7.77684414539714,0.443004054420416
-3.91514196739629,1.1921276968118,-6.61845751445553
-0.578231487779654,-6.17060330161592,-1.96883699966426
2.94809614985092,6.77240789725731,-1.33768141026879
-4.91928442573588,-5.25560632676599,-1.57091196777545
2.35270193287193,2.42279413741447,-5.12825518314049
4.68864427245221,3.00820260553473,-6.09445768431776
-4.3095516020672,-3.80848816828361,0.249275434814748
4.63598273625371,-0.273121333677118,2.42088953880115
-1.3243655831203,3.76581668859911,5.91099819892681
5.451882131158,6.43424694802559,-5.86352245899459
-4.65925597143047,-2.83188350927334,-4.38298218064292
-8.75175611974713,3.14302149904145,-4.36067955187532
16.0000539097597,-0.422637887169171,-1.99089818730291
-9.16981595164493,0.68169082951236,-1.56140881828375
-0.88348184510271,-0.904976527647029,3.27763501556153
-2.53979200065679,2.15333580576167,-2.68641383546389
-3.77080138015481,7.31852002278035,-1.2460425115271
-5.15601925602008,-4.77668467507303,3.84565935138762
-6.29422003679587,-3.92702909468461,-3.90335798557229
-7.30723326905325,-0.763449648988029,1.72804552870143
-8.95796632507097,2.35343243163602,2.24320342974701
-3.88836743016607,4.1837497434341,5.65296928584124
3.2464159952957,6.31438051140947,-1.96968936494899
-3.07732663229906,8.43387991045538,0.147402841686466
-1.3647518695582,-6.61166365341097,2.02060817561078
2.44864684364573,1.29055179164368,-5.65611597090688
4.42829300700138,-2.23189114584641,-3.53587428599153
0.667045876952052,-4.97261319178534,-0.842201258243725
1.98936295534172,-3.56233820433901,-3.40930164133866
-7.20921317908966,2.21830027063957,6.81509013336893
-5.97547094708139,1.05015055674812,-1.85909188878587
-3.54296730287831,3.05400055603642,-4.28366976935594
-4.22681977134607,-2.03015839276333,3.5068792312948
-0.904254511410447,6.95522180203959,-7.52542172403385
-6.38471877816413,7.51889389820183,-1.98455881346516
-5.01263731956244,0.267367763139395,-6.44947355202141
-4.89676633576161,-0.765743034472763,4.13277459270452
-8.48525226150856,1.34066019251203,-2.22414046221047
-2.41865578882984,-6.25018296630787,1.23409644609344
-3.55687589973745,-8.09850628405352,-1.33834312442525
-6.59588843435368,-3.56338631999004,-5.59624380446713
5.69798957268904,-2.17312585238009,-0.489570676708374
-1.78438274194845,6.63380832499933,2.11849302567782
-3.46046787479903,2.00475137288933,6.42113594329335
-4.34345593093086,-4.74322037378171,-5.51850641822026
-8.21746730415708,-1.52847320565002,-4.33934162602098
-0.212119388878092,5.7181320506145,-7.43077785763898
-4.57238626138738,-1.30006321740018,5.05439531432565
1.03441324196033,-1.02469615728061,-7.12659912021045
-8.01755906287591,-3.80325184297339,-2.19768853142172
15.4819183695653,1.3452315862583,9.59765293199992
4.61595492713994,-2.59192265025124,1.99705185939417
-5.9725572476221,-2.73354298120316,-3.03040815393481
3.0990586555502,4.30124762470224,-8.14268491281968
0.220106014482285,1.55512835261626,-1.60609810064248
2.60466404926586,5.70822707250898,3.04326145945231
-6.13611011434138,-3.79722025904889,-2.8976054066944
3.56794118613088,-4.49195888566046,-4.71363537920383
-7.76047745546936,4.23445916435484,-2.52157810343375
-3.50724558851068,-3.16434363519134,-5.12487217130383
0.798420139299027,-3.70508987181246,2.60538464145642
-3.90870096693898,7.43964949212796,-0.0484360960989271
-2.10976358381319,-7.06661476941604,0.241635465629555
-4.72910662830017,-5.68008302805767,-3.75821792870992
12.6612174662086,-10.0798847447171,-0.896376113602127
-8.30539569918771,3.27594528241673,-2.12191142330295
-0.0309824946160675,3.14388474472083,-11.9964299800038
3.87696477777932,1.70269186808718,-4.40091016266747
6.80017142444477,-1.36023454579421,-6.85656528646679
8.43044425114591,2.75876455133355,-0.634825311378278
1.46223820751077,8.72562980851592,4.55799609994309
6.79470515403483,-2.59235381531255,-6.22744747701978
8.30802574538789,-2.93035764005481,4.10039863393732
2.78933437599035,3.77621236830486,8.41640773830855
5.41856166267167,-6.51172053106618,-3.96778264522148
0.923694092006457,-6.90958057454617,5.11931122465138
6.22346861339613,5.5742366819287,0.468415549942149
4.19808360865918,-3.23759957218824,7.95792031143413
7.42217997131811,0.461484832187587,5.14260258889897
2.7610930858363,6.78962929196175,-9.51582010662763
9.79227702941267,2.0061172838427,0.88585001153667
-2.1850426389242,-9.1668502427966,2.79580539318314
8.46762262524605,5.24537475625477,-0.132418084396774
2.43829044667801,7.93755543020744,4.11460691937181
1.38561253265237,-8.9610122251352,-3.62439543522427
0.107249929354022,2.28489670905842,8.50582448910041
8.891240866818,-1.20235234539124,-2.61631733303043
6.37888778124349,-3.3329385119524,3.80451306072045
7.38385850950524,-0.177217610036125,-1.28377027120726
8.947287763995,-0.347111023750465,3.18213209389059
7.33527990670317,6.15970724876819,-1.5035332300375
-0.911072704392069,-9.19177313150667,-3.47053060576126
7.20687663119244,6.26226880591006,3.24775804784275
-1.88357437673543,-9.47823285476076,1.30213230980961
1.70892609318398,-4.95804176615967,6.96918008029835
-2.92986924376224,-9.51857973403855,2.11347193384101
-6.31356906993801,-8.91492310057286,1.96941929437608
-1.2039750946475,1.34095443339168,9.68987361631576
-5.59111660332082,-7.81211025304446,2.92487644948951
8.55573901504642,4.93699160318368,1.34261374985202
1.17172104521908,5.7168948459432,8.07293675885308
-4.84674339173071,-3.37574614609759,7.50210707268356
-0.708019316273009,-2.49466081550393,9.27594536669318
5.69697031566947,5.10581510469931,4.69122872486003
3.09193614866315,4.57437174961775,7.45839975217362
2.65304108844784,-1.31869430290339,10.1119677011984
-5.58257540251767,2.74078278328321,8.3590529203894
-3.57571086430475,-2.76534872242741,8.49120287137633
3.4578725437548,5.75947887412653,6.36362139073952
2.20876098971455,9.43618496245107,0.86724376153877
-4.32581784942071,-8.72925537303037,2.47107693782491
7.92062783839055,8.0932913271681,1.09664452236474
7.58686035273948,3.50068694757685,4.14391261256906
5.10428825768845,-6.93973768837864,-2.25533664514367
0.806015338441804,9.08620567245283,2.04770473056247
8.81987470619215,-1.12955429821395,1.01573372541804
17.7587787146798,-0.386826228604277,2.35687771992842
3.63676229019691,9.53986765688649,-1.01351037484101
13.483045750549,-2.12020068993071,8.1605138775523
5.38204174574232,-2.78294485943277,7.34483749968801
0.576704593922829,-2.45297354314087,7.82174360655117
7.84224632935662,4.14099703935031,-3.69249501238347
4.78396599697648,7.51276913749128,-2.40473583060275
5.59252582270588,-7.33499470969263,2.4285137833171
9.75207648413793,2.39360820530739,-1.39939815021126
-0.576958140290867,-5.40772414685599,6.55445075838941
4.31239761889762,6.61097367124687,6.52985934827126
5.27033170495978,6.70711137513799,-4.44568509007694
1.6526288476456,-8.45536495106247,4.40189318796672
-1.64228973900328,9.68779193791513,1.01022069242097
3.67994457984685,-5.75931762065436,-6.97059361172472
-7.18933363654906,-1.89517597210566,6.31553787258981
7.10451421297549,-4.30682538398967,-2.37618781285618
9.04114877570893,1.81715189625213,1.67542989049108
4.73656688682569,7.04307253045072,4.51484345408481
6.69372854361936,-0.444723653910044,5.25887800681629
8.32686806671047,1.38849922636731,4.55399694244074
3.17188553306289,8.70908645614103,-3.82948407045464
4.7105115326039,-5.12994523640526,6.26604646822211
5.1818504459779,6.89613645372453,3.24994838900751
7.82039013442077,-3.83299241427202,0.47461296823208
-3.86660933187874,-9.02017789154654,1.4462239064326
4.48667357672618,-6.19271480688068,4.68634289020351
7.63752785580106,4.33103960226106,4.35090573354968
9.63536203615417,-0.0577150570588259,-2.61181160734926
1.86788651804574,9.36876666534843,3.59197569836617
4.97916769499622,3.613716668496,7.9055685511774
6.61767897320055,3.33990871834374,-6.33972702490721
7.69099574866919,-1.18177588916171,0.464345563621595
0.505093807581728,-8.50701805644536,4.44988004857798
6.29753786583508,-6.59739538900486,-3.34483786568685
-7.50052566578261,-0.761167288058483,6.82392233136697
9.12806524958555,-1.67162544923191,-0.598210618294459
5.05640689905065,-0.262935894119221,-7.70199081828466
6.26990925074745,0.2326393448609,6.43279053390418
1.56440783448208,-6.36309767363766,6.24871936569836
5.60857571881835,-5.93604988829092,2.68718904100393
-3.85174149306326,5.3851770194536,8.52081681210101
-0.282675655277183,-7.76919604075812,4.67035329733337
-2.18866414030276,-9.73424994305678,-2.41560185890451
6.94911654048873,-6.4115240550444,-1.18098153583069
4.43738841767394,-9.27124678418686,-0.187358197022535
8.79641951372095,0.606160214489858,3.61027474800344
3.011977101777,4.96267798588925,8.32346709143408
12.3188853923529,5.62960755015805,-9.21643605733055
-7.4535389371786,-7.77789287801778,2.11246049376773
-1.41352275143466,-8.60969260268248,3.98138438921376
4.61414861883064,-8.09895789023177,2.09687306353647
9.52100130944109,-3.03536871000232,-2.92888138592886
4.50094364352741,7.03546232666704,0.406217567886594
8.05091416797078,-2.60389433288401,-5.63560268509003
-10.0993562074053,0.365948296731852,2.925413699854
8.73735355097837,6.03133625048413,-1.5373737944558
-5.74795479434423,-6.04356882248165,5.56804029104018
7.42367336837601,-4.60818260570216,-4.93866126561688
3.84264891416888,6.91819811403662,3.95097493925283
-10.1758694803442,-0.254291323704226,0.104458634002224
5.06388382136836,-6.81230475091836,5.44464059021018
-2.9171405862597,-3.63570556958443,8.03411993195499
-9.69327419123014,-5.12230501145706,-3.4739081452855
-7.89235616736002,5.44538034306871,0.720766938234167
5.22358376464001,5.9337355909469,6.067310157907
-2.2359823431005,9.22150450530557,4.04786607917813
8.86916714582884,2.60885991782857,1.95432173283501
-2.17552254540998,9.14267998642462,1.65099617620338
4.06316280754765,7.34419855862934,-4.47952877785476
8.62874785833544,0.660843788541099,-0.503380371580405
8.78668245098929,4.40464301278069,0.132134415255222
4.28007253948036,-5.22397985935973,-7.03264746775985
7.55372781757525,1.80224944375656,-5.16287643011458
2.54052762761849,1.41174601410119,-9.3284292963507
1.27076242700097,-5.21690181631279,7.68852577962294
3.66532558613467,-8.35202629472989,-3.8578171740082
-4.08146880836903,-3.66936047081733,7.97629562776099
5.73947693842798,-4.64750504126825,-6.4754133920405
5.17516648633073,-8.1750061501279,-2.06708004021978
1.76430236625777,9.29758099013074,2.16861419847873
2.50803663663158,-8.69416546211265,-3.38246084662234
4.10234564024685,8.3961985468172,-0.624965184866585
-9.90349999845949,-3.6850270016987,0.0824120343998677
4.63902227244446,-4.65363988044818,5.14139509032434
-3.31544252584455,-4.87854439720523,6.78217886711985
2.41382590689581,-8.70427736155084,-0.973232490276763
-7.98840931588265,-6.52995649689848,2.87840092770771
0.18521992630287,-9.53897738820327,-0.710926462410563
3.49967467344858,-5.41464201453314,-8.90416101867275
0.31321877571221,9.77865467884592,1.05282680753395
5.61644064237601,7.38716962622122,0.592465828539423
7.85677099023473,2.29933997971484,5.26375543496508
0.586592268462586,4.23230054787823,8.584620592784
-8.98417968990271,2.99304038325145,6.01958863739656
5.92961099820147,3.34687291801435,6.6534069215703
-2.14084719151117,6.62993240774278,7.60990939256272
5.7107250998885,7.22218139696802,2.32532353237451
-1.84548194181286,-1.60876948453898,9.00027745659664
-0.453523345691294,3.22703059633472,8.04948187438084
-3.24923599436549,-9.40806556009971,-0.434367652061107
4.4363693346992,8.09183702884223,1.32526896142113
-4.00370566553301,-1.82345662776226,8.06414094167154
-3.32918745169246,-9.4395534035654,-2.52352457561987
4.38388497743829,2.05518441034311,8.54387521333384
-1.57061468133323,-9.74530573025786,-0.180951180450293
1.45981496818462,-4.54697202165417,8.59178619726745
1.60337420245113,1.92807946017231,9.21435295458978
-5.80876157697233,5.40629049649819,7.1060290932353
0.552407760054907,-9.45397220154583,1.57930048763537
-0.896879980063586,-4.92580599292762,8.45614481103091
5.96809686979173,-6.36390497658791,0.898647235187339
-0.687843748764309,-0.633517798243775,-12.966961718115
8.09687899040741,5.6263955957496,-5.28559145105409
6.17888113810321,-1.36748763540116,8.09697939945772
-6.30440429219733,-6.08516640112266,3.29186051395799
3.37245147939917,-5.87407029217483,2.90634248142303
8.59785147813654,3.7128974438019,-4.74661843639324
6.82811012099797,8.83206303368869,-3.95606170362676
7.4015196509174,6.0635964678481,1.27164901709856
8.32356166225713,0.180291977401426,-2.6335714562654
0.966593810620012,10.0545450843945,-1.05447692073654
4.1672661863278,7.82905428321252,4.18570131023015
-3.55617241228703,-10.5636936805803,-0.769093673038257
4.91593809236928,7.07677436161337,2.20040881920974
5.70882093510341,-3.32875852200931,-6.62542287635997
1.61635114130352,2.95971403983764,8.82072232267726
1.56260139769704,-6.28907139871293,7.30120435736744
-3.0236784150263,3.86411443756765,9.09937678965958
8.98436416214891,-2.95753609242742,-0.356314734960187
-4.15758345294472,1.99125274691282,-9.89333611782386
9.99194016255358,-1.40746385264064,0.484672229084706
6.67893899537369,-6.80950253301032,0.144619319188804
3.80436932423426,8.52073253720318,-2.64467265448562
6.06115444582403,6.16037309251485,-1.2595788524981
5.5262030160567,-0.00712261000637795,6.59793894560154
8.20314749743124,2.03252931776594,3.93356718789764
1.56557784719347,2.75222752730054,9.67263125603806
3.75315826358713,8.23545024413291,-1.37212156885527
5.58007105170124,7.33982210334546,-0.241100398013181
4.39817814394432,3.53850676229611,6.76406512558811
-8.23850152756649,-1.76666624238249,5.4432430797549
3.77512946412222,-6.72296440472585,7.11138999312124
0.503005430056201,9.92095143554586,-6.43672634102645
7.45211363905628,5.67420743653539,4.94130806006422
0.971582571041215,-2.04389064072834,9.1201493162929
-0.347108933580742,6.94179079286142,6.45383220872922
0.43475026638013,-1.3433705924501,9.00675748310618
3.47180370415947,8.6209904508301,-8.97259757824603
2.62589446349187,-8.72631142464793,2.39614814149441
7.56058531369934,5.43816912237369,0.543610226681489
5.93056853295138,-1.33531492453116,5.59051649974761
4.69060829678121,0.0416199197831433,7.88147774315758
-10.4335363799158,-0.412209211299386,1.53804241766568
4.2495372107084,7.60027286906925,2.57532556355398
-7.18933090733544,1.08195806629112,7.31791515898704
0.824658639997389,-7.77449840489567,-8.00479015081462
-3.53375027105672,-5.24642383177178,7.49830761362836
-0.278409676976981,-9.02971097117102,-4.71708590194885
-0.0126219454206329,8.01146887687529,5.64379553391037
2.42254881389856,-7.56220988737743,-5.13922575271699
0.943790749217886,-0.333626314797123,8.27096699625845
-8.13674892797781,-5.35810121037698,1.90362510056391
1.35385865959167,-7.38021046881648,6.06189178752249
4.46433920419404,-1.56811530450473,-8.08978038944603
6.36863243863274,-3.2765562950036,-5.1921775694998
-1.80315883663718,-4.75003759964837,7.88139737500071
-1.47313961523024,-0.973289058728474,9.15425429101371
4.97948415504967,-0.103817709879669,4.20618325102959
1.20046679043628,-2.45566910902192,9.58752241229857
-0.404285491748814,9.06518517413204,5.00763850213511
-2.83829418729715,1.30564150213421,9.38845404243899
0.220969441035734,-9.03293098934127,0.724385758439164
1.98767463202425,10.0138953231301,-2.33963426201005
4.91059692599228,-4.33276214782134,-6.70840634642787
-1.78669899512716,-3.4685618845909,8.96972254977795
-8.58999763568148,-4.87263663783841,2.81570821668968
4.80583260852879,-5.99457474555862,-5.63709110706744
-2.72037456601071,-5.3293575557235,8.1571721789765
6.67046062664718,3.54471800101435,6.37734453510253
-5.39028437638504,-4.5825777006077,6.60791943726711
6.67249873612843,-4.84528953101491,0.118263505763723
-5.44713514200528,0.638781978751087,9.07806693926018
-8.12901604700645,-2.66839502747716,5.62593896604641
-2.52004166777117,-4.13237865494645,8.40901954306572
5.68769628897452,-6.92893313472023,-1.45711642026288
1.81296464517845,-9.21382081719129,-2.01912723449593
4.9433541586458,7.07917765860049,-8.32423826740648
-3.55281242865492,7.86345123819214,5.68727139467241
-1.12695606352635,-9.43345842722006,2.0303940867124
6.72537611364233,-4.01530627099592,4.95247949288359
2.90859209455901,-0.233755700162339,7.35593941999109
-9.12320527526328,-0.906193086182689,4.20345893442026
2.77489704907822,-7.37828334083428,5.67378344074101
-5.57998257327235,8.04515268543977,5.92537868470633
2.16821537679998,-6.57191618353546,-8.09596427455172
-8.97635263809802,-3.22008680324885,-4.85343699353139
7.51410775706321,-3.18405504844997,-0.624315096169663
4.43446399069195,6.33734657846741,5.08838638510165
8.22305066144299,3.42644506107736,3.51927502180053
3.01422200627958,-8.59294258402331,-2.45064256800373
5.56561174696269,-5.05109245734385,-2.70007241489381
5.06919982803492,-1.36027940195597,6.7017856762594
-0.469330382267705,-7.02536407076092,5.40042484087073
-2.38383488930069,0.512684789956964,8.82020251603091
-0.612287243885172,-3.55872427098417,8.80749097475379
8.27291429496853,0.875800500064672,-13.8298366261029
-4.01593114309729,3.18654590391285,8.76397858002348
4.74139063612839,8.66791562536495,-0.461651279665507
7.70966229567773,2.30315270908669,-3.27017685317286
7.73248014215092,-4.77152382568418,-0.857171447410131
-3.71894405275774,4.51296373847813,7.99804885121656
7.17290936918145,2.0883557236757,2.37420309008787
-0.788572910761393,2.08623158658862,9.88236568542398
4.919397439435,-3.02943796909021,-8.34873011445125
-7.04262845637663,-4.48127361323219,5.25869133909363
1.21306738405189,0.486192623360035,10.3759953822245
-2.36423388017451,-4.48361536134376,-9.27919839541021
-7.64350810064371,-4.60189854091156,5.87616683023881
-1.20984277512129,-2.73902090802436,8.10086799375258
2.98886829365294,2.82784916083543,7.41506876421719
9.4716910597331,3.29958028965726,-3.47104211766288
-2.59077975184155,-1.95488175753755,7.70435017921731
4.8255430003127,9.76032649056773,-5.10725238082973
8.29056867873883,-0.282559898365287,5.13099167075634
3.13106160207265,0.908027018691792,8.79426634627443
3.5470789500081,-8.69245964073125,2.40758841164793
2.83683791707059,-7.20193881451449,3.40986892365591
3.53232074251337,-3.88344622461938,7.08064512437582
1.08680283312277,9.37135615729058,2.93741563132529
5.98339241032374,-3.81689658194809,-5.62582223671885
1.44250736350923,-9.21531885159887,1.83125907262971
-5.02504305572481,-8.98634212313382,-1.81611411878057
4.15183750682141,-1.24513691419511,8.7918008952379
6.92178273869643,-4.96961876296561,-3.32488304534544
0.919386346453213,0.0623796863984599,-10.7950236834122
5.90697898975529,-7.98372886238446,0.853936933877849
16.9384707073026,-7.37950914229675,2.12108432689959
-9.87838453612845,-2.15827041608394,3.49320735392663
7.22618590385267,4.07886696180193,-5.45126240552326
3.23147148277401,9.31001484565005,-2.17736660973843
7.64443112076981,-4.31033685259837,3.32477306322728
0.11867245350059,-8.34328099153036,-5.44050883449031
7.10728029060897,-5.57110249728379,-0.0785955331965841
4.59429271411281,1.54268304514466,7.81905986977699
8.23499062114491,-1.33314297582319,-4.80014458369665
3.20397572360228,8.95150923761055,2.99273734268379
7.60351029335687,-1.19751404650477,5.43082594243029
10.0600055201545,0.821148824874897,-0.634367367656381
5.11849300340187,-7.08149984246997,-5.3721754848128
2.17957529038377,-10.0218441405345,1.7655944193684
-5.04764695902491,-7.29779458690464,4.00835619623973
3.75081593300352,-2.48135051429472,8.16635027080262
-0.651997228365365,9.38536373961492,0.688153625986069
2.07747781517,-3.52111498429184,7.89203357206155
-0.574415353190889,-1.39872883434805,8.65393422778862
3.68289086975425,0.0885034828486248,-11.1557503493207
-0.950054241282464,8.28000485419895,4.50308081633325
3.96034208148296,-3.7858104774467,-7.24526109757953
-3.6317826836149,-7.12775360548512,5.54171640617316
5.08733859903866,-5.15181186501454,4.41908514143339
-5.1710951387944,-1.41458578034101,8.02610291934959
0.247774263476264,5.46749886974064,9.1268828631407
5.14675730755389,-7.01510504124813,0.41406580663385
-0.273952444496371,1.00914989892953,9.62658756013924
7.73009482554663,-4.73067895960909,1.45889764826047
2.2370874610211,-2.04368944203252,9.26373021658555
6.87831530884089,-7.06268065004211,-2.21302849072313
8.55333026745452,-2.83306229156782,-1.11670875717442
2.63062292240247,8.49228856529839,3.20578828034401
2.44704318201229,6.97342866153442,5.09738270035941
0.794927293728695,8.22097521255759,5.2063120533446
-0.437388813983867,-9.11215583519422,4.04959704469073
-3.20092726565481,2.27408567744133,9.02384419437311
-1.57691842970701,1.11350580121245,8.58881019965076
3.28072124245987,-8.10008274746007,0.696580062791423
-0.337483460169777,-3.90604579645027,8.17861175392893
5.81126550894974,-8.54852468629246,-0.543589265448474
6.97194941658042,5.64411693334673,1.82120988567482
1.59984891753593,10.0162137096506,1.08928402200084
-5.48271652832858,5.0184110211253,7.8963931187042
-3.53705272329498,7.90299620048874,4.25058311628495
8.6309403446584,-0.878741568449936,-0.482957094835945
-1.18213525367498,-2.24522794191434,-10.1665933176715
6.23347339674199,-10.2303514854216,-6.81020969251606
-2.17354383611168,9.24081219716651,3.05743064436035
6.74669111014244,5.22578494517936,2.59558700141835
5.65720771178339,5.92623451331967,3.97622121006031
-0.604746076336993,-10.0337190186037,0.586507456748256
1.53796387658531,-8.86563614822287,0.7167125613828
3.14750666302603,5.58995152532825,7.40851529944701
-4.49794176079862,-9.29762979939087,-0.46440778678035
3.8347226295691,-6.32167345010787,-6.16973732691345
5.28051524413818,-2.45560788550514,-5.86514486776467
-4.74275600874706,-2.22775223045638,8.00585051114684
8.36872729810924,1.21791338149492,0.271012275166554
-10.4931921782849,-1.03088697709287,2.74606354080352
-5.96350357636337,-3.06172991477,6.90359075325162
13.6344280298921,-4.68305776947877,-9.58787218999672
-0.796309919385651,9.82541250625802,1.7708540588855
0.180540346415195,7.80076829058261,4.23576515754572
-2.47127143435078,-6.62976157257749,-8.64731581073736
4.32742634113447,-7.23084030734364,-4.17624524877954
2.86334419835955,-3.47316207409389,-9.30561292411135
-6.03070361780062,-3.66014711782889,7.5030885386043
7.8062985600238,-3.44080972009694,1.43289915432651
7.78789426914056,3.57588226472658,-1.60963659611191
-2.75235131654147,-7.6412837513625,5.36068698850046
1.56738950735434,3.54357391976775,8.10156243165986
5.28146309989186,-7.37610035302998,-3.53150500117628
0.189901331283943,9.58210776551365,-2.49120643074069
-0.766750695555907,8.81073036800405,3.50084645166096
-4.43947509678327,-0.877607603384927,7.99243997351571
-3.00501219462942,-1.61796163879552,9.09819400517833
7.56722786543139,-1.84970867521814,4.64649013529912
2.03562767753577,-0.324305757660894,8.29950441281865
-1.97444294128823,0.640399189333145,10.2822895318384
9.86434487479034,0.271090778788398,2.40405226216724
6.04952935948036,-2.17933584985158,6.35081737930377
6.40439857000259,6.83397837157247,-1.44983996804198
3.85763586236758,8.17336588320178,0.533672330496074
7.59963543779084,5.30758244545775,-0.268313532555294
-5.1659448577967,-5.52823170885162,5.87527428471391
5.4414626130985,0.273979520225715,-9.26316534787119
1.37790032868529,7.42799335894057,-9.71781778905839
-4.27442393404699,-2.81809977313972,-8.78237778041453
-0.534369173043374,-9.76357447556209,1.50436883492663
-5.53887825198455,-8.80170798388196,0.531584961986977
-5.24363122914984,1.22342549194181,-13.0412563073252
5.214213141574,8.21811764978706,3.54385563231509
4.81830736466286,-8.17894249443345,3.1999449899317
0.710683719740636,-9.65858217195019,-1.82748429971789
3.54886129026093,-1.86334938125246,6.69018030741554
3.05077615073596,-0.847644520845602,8.8708644252361
3.42045524164795,-5.56945324888292,7.43545224616829
3.94667855958403,4.70194567979435,7.46486314274754
0.849153204980979,-11.1138324795658,-1.07543941373494
1.71999301612341,9.36689938452253,-1.18382339719818
-0.23966708218518,-10.1480268518094,-3.41330021991661
-7.91800074434333,-6.94354406709161,3.89884682188091
6.33584116085417,-0.805169915774638,-4.41243897201327
6.08872297752791,1.46147823505534,-7.79322106856289
10.6577212106789,-1.23970765347603,-9.38933473419407
4.41234953991097,-3.72495634539719,6.50267374601676
6.88721907207069,-5.86290234119852,-1.69041068024509
5.94658466352264,6.6763428425659,-0.136646690456971
1.36365079006053,6.98695125734074,5.6204809954928
3.89308608798619,-3.75667117685858,-8.32087682691343
8.87299094103525,3.33886373916354,-1.10481705906445
-0.311853143476956,9.20104462681844,2.53598708467198
7.17153011326221,1.70046842721141,-6.28528293321401
-1.57283841252384,-8.04428364652751,-6.16802250804555
0.0286331563991379,7.98159120528177,5.66396400336376
7.56998333100157,1.0035460761195,-7.13015703948056
2.5976953837706,5.63830996172834,6.85827270836166
3.5414060523234,-8.68374715859068,4.73168079625512
6.74006544172239,5.74261674253842,-6.77392839436577
7.94205828418005,0.219737976833883,4.30292946100784
7.40355095918253,-4.50623106969007,4.59058174081398
5.39882089296964,6.85715741642905,-2.81561483132972
7.03713254027909,-1.14779786016596,6.36571408780132
6.05089333818111,6.6619653706695,1.25845677668011
-7.772455634027,-1.49055637844117,-7.2895841594542
-5.77896322218643,-0.997933215496554,7.75424041613584
2.13299098351965,7.24018317953532,7.28111465804396
17.6791186614647,10.160145348445,-2.49817106796842
6.33388968336591,-2.5980822947971,5.62049764796483
2.59666248731228,-4.34086243988701,7.5410816398926
2.86217464668338,9.0344822382509,1.85025497491124
8.99949795211189,-1.3418645685734,3.74487789539516
6.3915266507711,-4.63447926830377,3.01486331053911
-3.04266392348061,9.48628715389119,2.19112669015484
-6.5547473404038,-6.01467769522647,4.67421103610334
6.740404063158,-4.81988659532698,1.40988993087014
-0.384890894989991,7.17174052762819,7.42729205991825
3.59640523355131,7.85264167479697,2.98605106322974
-10.614979694909,2.20069607265262,1.52372183706396
7.31426923302305,1.91593735786873,3.93305672551682
-7.48375918669482,-5.11149512369173,4.12226802050973
-4.31613157263046,8.49417680399855,3.2344311928708
5.6276923709665,-1.29765935659209,-7.19486978473869
2.06161917695849,-5.9952399639694,4.98035113493629
3.9669943096484,-5.43388569182089,6.29506390210628
7.495427429006,-0.313228375493047,-5.60866961640164
8.18439526549323,-3.3924013686743,2.10524390968139
6.03551914729257,-5.69712114466591,-6.13888992349938
6.11631131604641,-6.1574266940468,-2.40868853204527
-10.3198180928498,-1.28562426765503,-1.7095728541543
7.19527020988944,-4.45188108474534,2.69768285253005
3.84092883649313,-7.80445409382629,-5.46256156151303
7.73306496926011,0.903732858108326,1.20528734819504
5.95255376740354,5.89429094596055,3.17996061423792
6.42657747000983,5.03612918748082,4.7553659267304
6.23290397413902,5.5545238914081,0.45536752702068
-0.133571408137098,-7.85240411788914,7.10392030879527
4.0898793678654,-8.58240683188948,1.52207379890118
0.0411750188270205,9.97174810280079,3.33201419051939
-4.96654418865218,3.1201395663368,8.23943694372106
-1.89375479832965,-9.39920837031824,-1.15749688607771
-0.853571544422699,-6.49484403977404,7.56134245676908
7.89013053324404,-1.28021666703906,2.49965595555074
-2.11848706152098,-6.29673950911105,6.12756620186922
0.85870826979042,2.10703770200718,8.90983120502917
4.10350934604768,-6.93092515466988,3.65899401708458
7.60555805839174,5.22249562323924,-2.31851085437437
9.39667253091547,-2.76474975507281,0.973138303080602
7.43467071719366,-1.53206406438572,-5.86406048337594
4.05247981163769,7.9002776922181,-3.37174046928712
0.418896824889378,-5.66348015205032,6.59453855135776
8.6949489970906,-1.95557505965585,2.86636308875538
6.35841278695072,-6.0265120599176,3.93019658041169
-3.88211671843832,0.518817952062299,8.97000461221241
-0.197965418291368,-5.77539021089532,8.35010831886975
8.60019964898657,3.9816891155681,-2.6734121510044
2.62675252635754,-9.53838303749199,-0.393108994354255
4.97671069763908,8.82724073400009,1.82724940129791
8.42783953107095,-0.51377956581393,2.09331238532226
7.23726105925429,-3.09256748830251,4.40638054312619
7.63809641774027,-4.38264731525742,-0.169657056639704
8.30132670864235,3.40287231298481,0.0862255201704443
0.458922354085745,5.08963977058429,7.96940649847043
-2.44359172956822,-9.12313974203072,-4.52656542984948
0.935674431244541,-0.761680295062153,9.38203013294093
4.69845247136784,-7.75695329728779,0.0244942069633242
6.08346284137628,-5.53093747216051,-0.0336903509204933
-4.08707101586218,-7.9978889044392,-4.83930251652147
-3.98689257187257,1.96305269998692,8.46634126008857
7.28153506464381,-5.56150548315251,3.22835716648553
7.04411946888458,-3.78429704948603,-4.2227897383383
4.6408123183219,5.367930669794,-7.72562869933342
6.59570236853061,-2.57665993520492,-4.62055939573429
-2.41102903967242,-6.25706502660976,6.81866098227428
5.07917296397452,3.93711156454442,6.28172311773165
7.33540166983903,-4.81521218652237,-1.80923637022476
-0.204957986821108,3.60829298227407,9.30184237436749
7.1355219377746,1.54435665731517,5.55188625998623
7.28627383019672,-3.00595534966415,-3.50368850139284
5.52212347495603,8.43506362610878,-2.409736197863
-7.28680358065661,-3.2833755225616,5.88367585346261
3.0447964199387,9.1778075241309,1.33156692578277
16.3911769770362,-3.96564423862899,5.16453570079642
5.77283427411175,-5.55653583918567,1.62118475955969
-8.29389917330593,0.453959576224341,5.27895354282328
6.71372396861154,0.80205899432295,7.66497839065982
4.67157091693791,-7.85046773033638,-1.06066371722204
3.87045672361721,-7.53246660490416,4.42682394647541
6.48774745661835,-1.87358957530329,3.32757751191298
-3.13295471299818,9.07346843460909,3.46196322352593
1.22984154318798,-9.36604923827251,-4.62049923696774
-0.763530185883307,-9.7737742152912,-1.61099065319314
2.29738069557291,-5.32862010190954,7.33603249815014
-2.30856082116325,-1.31666846148359,9.7354331959466
7.34533359155597,-0.370602661624881,-3.56282798273339
6.81479283574606,0.513540268008442,-7.42366288574095
-3.70912988560796,8.77931199086914,1.87182287200669
3.11926220987064,-7.6484046094715,-4.30742998661338
-3.31318578480795,-1.00263896716952,8.67473907811538
-2.91574956301726,-7.83819689894518,-5.7856128835655
-7.25429892947107,-5.13805559574797,-5.75165920817291
2.20417392023085,1.49571417531813,9.95017376082151
-3.64639495241652,7.04759684587516,6.87822380488189
-6.0740298803908,0.348529590392031,-8.90562677901477
7.56165229212584,2.39361933513063,-0.170790961757445
-0.803601471634187,-10.5700968799822,-0.807719801556937
7.46373669577477,3.71811502802206,5.18148290803528
-1.10866989649482,0.342623272618901,-10.0130320274517
-4.47074130107949,-8.47861371125131,3.65319228838279
8.40668510271649,2.7127295355178,-4.98488694875989
-1.53440996112857,7.15257844193454,6.4468633822611
-0.285770797587541,5.97307221440609,7.12288321732385
7.89947466226261,-5.49331872780223,2.04810359496358
-5.60161779505761,1.29168045808785,8.15503330546923
10.4790790153562,0.671471413536122,14.7750727533472
-0.19447522366745,-7.20227509908345,6.27477193616759
-0.244498377540788,11.0314160648692,-0.735920484773787
2.28532401273969,-9.03783586542806,-5.0553826990832
-8.24784556325459,-6.39339853452628,0.530140569023742
1.46050003800037,-8.23094365518223,3.28664096972077
6.42397074895667,-4.90219044123588,4.60380243577907
6.92816643059342,2.73258454991849,5.69781761296962
3.08270868382127,10.353978678671,-6.95255621005288
6.38160014340505,6.99665272705952,3.53179650735808
-1.12817582340827,3.18785604568989,9.49548879286606
7.67889346995117,-2.11279858776675,3.74576320260466
0.307497647918206,-1.43752762740691,-10.1430465681669
-1.04774586537339,4.8732593359087,8.66840235286449
1.12893161622984,-7.96609464380041,-5.84345090655861
6.37368229297262,-4.62975733167189,-4.37752203884117
4.63200584212519,4.89229880504293,6.47458209054243
-4.61137121332622,1.17506642812194,8.04339538180625
8.08603368930386,4.53684219863505,-2.17744255395845
15.6520407247749,-0.0990234124872133,-9.3750673598846
7.20290826064963,1.19247393948036,-2.03454518584539
-1.37286549115977,6.54697960114108,8.28815443000717
6.56157272225753,6.80265434048213,0.228382522533001
5.37988589678725,0.495058048057903,7.55898109888968
-9.54931588934459,-2.35686020217196,3.65144086339631
2.87069705631866,2.14425017434376,9.62209685608203
-0.369541850482413,-0.736131189865744,9.37036487256755
0.625638568055752,3.59225742176435,8.56638070651592
8.79648754513735,4.90738372071921,2.10101752969396
1.12985380050979,6.92902121614443,7.2068771235637
-2.54651965477333,2.76168179064033,8.845233144672
-4.00105273075446,9.61438949421166,0.326581512617021
14.6817216323051,6.81846086670002,10.9852403255064
2.90702785703999,-2.77682520562766,8.44225696717292
2.9601551522573,-8.43279814958616,1.43706442181224
4.56960866310971,-0.419493559084645,8.51597417616359
-2.86845207888837,7.68508980692245,6.78303444873859
4.18319409449587,0.650978395564016,-8.62063734296764
2.99478719963352,3.09205680657575,8.62193610651533
-0.942148026276613,-9.0916082165677,3.05599533187861
-2.33048531115173,-7.62331801671075,3.93435728210374
-6.78777733684074,-0.656783148047892,7.30758800231958
5.05279789166229,7.58754005636552,-5.8375097287285
-9.88601559103367,-2.98469874586387,3.38397276143331
1.65374181019994,-8.98309639996045,2.91791753303582
-2.49909919818856,10.360368871592,1.04688276920962
-1.06339812450428,0.455237488235442,9.14414331395683
-3.85228940490169,-2.47259018290165,9.27708767971046
2.2764525680285,7.80704271657345,5.52193688837171
-3.28333264583319,-6.86378791175535,6.14156796572296
-6.82488302302056,-2.13583838874762,7.63093228971215
-1.51918043656175,-3.42381234257988,7.28740007878633
1.26370379222879,-10.1371493426163,0.659662677510586
13.1594227422993,-9.25159540471466,3.42495719103575
8.16217552826081,-2.43510040665428,-4.01798685233924
2.42292048424618,-6.64613036045168,6.88577500665646
1.77740953721406,4.40313418969007,7.11093217836247
-4.67240025115162,-6.41093692487305,5.29811075787764
2.69336147869382,-8.18868149830782,4.51355105724272
4.31881338048045,-1.30012682191302,-9.43058960734968
6.7305987593563,2.31239701381608,-6.75504356773649
0.342354499977367,-6.94370927912266,7.03402801346948
-2.73786977293374,5.14743750192375,8.37131103950392
8.60902996433614,-2.12759703862452,-3.00615853333722
4.40923456385789,3.78669363852475,-7.85059588560302
3.91851862671423,-7.71439352240869,-3.31688793169022
-3.58122302278419,-7.79498615566936,4.61990996481566
-0.175695537266249,10.01357116404,-1.18001341979355
-7.25010335366711,-7.66818921950427,-1.70347799948357
6.3054674340886,-0.776902984882752,-7.78911070297296
-1.52156574404357,-4.43819035535987,6.92371048440469
7.98281323815518,2.49882731466605,2.63540445767863
7.69699984722078,1.35086861894264,-3.53114076375732
-5.89151967254543,-1.7535958319234,6.91468439113529
-7.35262161127583,-0.833383385645521,5.59407372732491
8.64446484386919,-3.88510296823898,0.919590040152493
2.90252684290571,6.34921348789476,5.55993700831992
9.45852525870254,-1.39886062012488,-1.65143003749518
1.04205837812279,8.54745113627734,3.54924397698822
4.84589390407174,-8.27561889948623,0.943893402715222
3.42212483786871,-9.44416529583131,0.465859351069152
-5.85099936701277,-7.24371556804282,3.97843542949394
5.69056533493709,5.20146523419697,-5.96992743223474
-3.30530790963174,5.84955769034861,6.99939056687615
-7.14821792782139,-3.19290181858844,4.96784231309269
7.4577463480177,0.893293653340203,-4.1994483212648
9.22923330830511,-1.09420404575718,-4.45178406806638
7.32293981108539,-0.43008096261635,3.74368241445512
-0.625871873283077,-8.38222814048145,5.46945287009982
5.21650087006394,4.5247915549768,7.34131764126344
8.14923728680851,3.20148485666089,1.43099990910627
-2.45882144988122,-9.61903327966838,0.56515521771651
-9.48588762187748,-3.91320430327702,0.96831114956051
6.62992977380672,-4.93155967391231,13.676276852997
8.62266621576415,-4.1127938726189,-1.08791597423399
5.94728347843656,-0.676800784665918,6.96386288001967
0.47248142412756,9.05314755137485,3.95937663898698
6.06454996986449,7.50201957952509,-1.10476255378645
1.53297271872107,4.32942108797332,9.5239475763566
7.98508500691523,4.42131564495224,2.28771111898215
7.78579792471402,0.356702242678342,-1.59582509737063
2.46896119305629,-9.52167862617647,0.755457638900212
-1.79869780156075,-8.29740339615053,4.93255648382325
-5.35963602478167,-5.53066204282325,6.79403887877979
7.21219680368255,-2.56388897014131,5.81522094191148
1.18214489950185,-3.34290781723778,8.58684331568074
8.64657129475061,0.130628703241189,1.59727860942583
3.18436093856589,0.0116719251663958,8.75368011480111
-5.26349963101854,-6.53538614086837,-5.27513763302263
4.84489599964418,7.82784083477667,-1.27672927606576
4.23433579937225,4.55960159680677,-9.85496357139279
6.75431049636357,-6.50804670618746,2.17318579315576
6.16559503098566,6.19068824760248,-2.70489376253935
4.0485272531565,0.515000695242429,7.95956768455849
6.42595519721396,-3.41837721192359,-8.73045979931342
0.677251430899443,-8.28805344699136,5.17358656786217
3.85738325489903,8.44898199685529,2.26705093546453
5.87290472961529,1.19306214250466,6.55462559391056
4.36324410715073,-7.40197313454759,-2.28114156903673
3.48746254539748,8.04369673936758,5.13240396878661
5.2344476560247,-4.46057110589668,-5.17054286615087
3.71817257948447,-8.15361221779948,-0.647882612969363
4.79911135683442,6.10601580035783,4.17532470269598
-7.93711482872656,-6.70444767239145,-3.14519293829426
5.20293887960099,-3.80959137367307,6.28687018576276
3.14857413719511,1.76058153622093,8.87407199612422
-4.75165510366371,-7.48282232946995,4.80713832721385
-6.37769656204464,-8.839742738578,-3.26019276377821
5.97270523756748,-4.13578552026463,4.90327014768139
-1.52525659958268,-7.57847869458083,5.92802635566952
-8.26466793997461,-0.617343473019351,5.84608700259844
-9.13492533246552,0.0632313715885141,4.68697055985419
8.85127207292854,0.935527027617782,-3.2212149444201
-3.71376458877783,-8.79706626904494,4.50183867210377
1.4411689820717,-4.90071348748017,-9.1631593186755
6.46438193314831,6.4261662044495,-4.5285254891464
1.88914067287899,-2.41213506427719,8.25489398039245
8.34875636906018,0.98238431878104,-4.8622821623238
6.69514175758584,5.548911226393,-2.59406784910885
9.93016201756706,-4.58539389215265,3.0095290788581
-2.06509738534851,10.2487450498371,-1.85627659296871
-0.0923318996249633,6.37008209962958,-9.10113830145122
-4.63681291428956,-2.93100362667687,8.83181428261808
4.62447123738508,-6.81071350591474,2.28073884532139
-1.89738496109771,-2.54244375322712,8.98152295563054
3.69138560457012,-6.60599661725667,5.04636341900596
-4.84928067392687,-8.54408355553973,-2.71026433310911
2.00720584397459,-0.571288391787817,9.04971296466079
9.18293726874484,1.18967237413763,-1.36646989670927
3.53980616389037,3.46991353578735,7.56764403791658
8.8459472232325,-4.89317867023549,-3.16124347400645
3.99183521781417,-8.47749291679693,-2.22430467039716
1.11388561857983,-6.72784349530014,-6.7174290851966
8.51734211017172,-0.0907190264931795,-3.9560962555722
8.28401827311182,2.27786746960616,-2.77852935187087
2.97062443006094,-5.3998564819914,6.08907252640609
5.34530938158582,-2.2484247687572,-7.80257619943212
5.17722479454515,5.37275090935391,4.67419394644526
5.87559495549064,-3.38970389043824,5.73966658165183
-3.23459178212401,-8.93467250787571,3.33356411950107
3.21034232524101,9.04973839346694,0.500146478949653
6.78428606705894,-7.3471781881523,1.33846720679089
9.09327915107017,0.987561371544715,3.06399297659712
-0.0280903393117769,-8.94622163876634,2.62215550960333
-2.27769982052607,-8.04366783388744,6.18724460801459
-6.17137134645145,-6.78045016678962,-4.87036154652314
3.66671825475546,-8.92685855725379,-1.23060642164089
1.87542973228267,8.07347831685922,2.66143027626962
-1.99322642483779,-9.27311992815521,3.68097611477136
7.81337264362726,-2.91280620735542,3.0026711691953
0.75817328212254,-4.0863830351763,8.32106467821962
9.89624721778362,-0.228776604769308,0.305818624615214
2.76056994804416,8.87964317406787,-0.940641725591756
4.31200483516001,-1.54544501675945,7.44914013207381
0.346488559761418,-4.77473808465691,-8.58531790323125
7.35123148228773,0.776661345125539,2.94051230917953
-1.52353982704194,4.19767316487184,9.42854945960578
0.19108049381041,2.08586985958751,9.12467525667691
2.10628620339252,4.75418675403977,8.12179459153478
-4.19615168880914,-6.2855779954086,-6.77384303043917
-2.07591527740739,2.19158914964171,9.40451988513062
1.26207488976229,7.63291692982136,4.90938437551586
-1.32343339398865,9.99739441555783,-0.265003613848361
15.9851087197959,-3.81138285516208,-2.99153438145269
1.98154817715602,-6.92717433711921,4.62117682759293
7.49431674493518,-3.51301649334551,-2.13891106704513
-7.58137056794454,-7.34046851133483,0.57350846898837
3.03368719932282,7.69889511471684,4.36008637137012
-7.18440668627456,8.45222200835124,4.02347777602851
0.582622613049172,5.92555800194532,7.34369067190653
9.15115324679752,0.68133048842821,0.326729626111315
8.62855169007881,2.76524575603964,0.784223699054426
7.33699133737831,0.658268977932628,-5.50073177326512
3.73968819484497,3.09381769453264,8.50021820343315
-2.14594747204892,7.85938368592233,5.64209481823386
7.90022312037521,-5.80158288135119,-2.82970166721128
5.47176794529936,-5.07842941211652,5.48672896632159
6.58016608019729,-5.7879058614202,-3.77271845483746
8.17899247094361,-6.26558461378638,0.49723563201392
5.53369357034105,8.50580479636683,0.687326043530982
5.867853946991,0.683256937652574,4.950741221529
4.70014337548192,2.8516561916173,7.55083705500007
2.61297534749272,-2.64201046525322,7.15475630215644
0.333510305094265,-9.8458402843624,2.53034894068889
3.57714682474884,1.725823877359,-8.71973708969963
-1.00830669984033,-5.80636973708715,-8.74603338001868
5.78414464532855,-6.90119209048952,-0.621247071530668
-1.84614099570787,-5.66063808426049,7.77075700591793
-0.842317674386314,5.41060866300557,7.88211996922004
-3.22026386500461,-6.65817298657301,7.36248921232924
3.93359292662973,-3.08385073177434,-10.1937788554631
0.49970113696881,-8.63048708036068,-2.92312923137939
-1.72762976124421,8.72161109893096,4.79936246806994
1.5043858191697,-9.23562804318296,-0.573067521337738
5.90490017416147,-4.52392864327103,6.39005255452471
7.47384227980713,5.54688666562105,-3.72232135959006
2.83882068134867,-8.29783142980178,5.94978561150493
8.26854126201333,-2.35745414316415,0.233549462385151
6.39166812747779,4.29585956723827,5.57610165209669
-5.05925997318711,-4.31788888785019,7.37337575288836
8.80279631448122,1.826236964615,-1.78049595593448
-1.98936139452916,4.85900018520584,8.16345683446654
4.41972636429921,4.75163436966392,5.78155282404437
8.7376688106571,-1.84178388415341,1.52512864828685
8.22139760371037,4.47662353781935,3.23181777372956
6.7643661560753,0.610260308837281,5.93081938980663
4.74848468876047,1.40404449765188,-8.28219437796604
-3.84164145565171,-5.8050247581629,6.50886899910746
8.17883446502591,-1.6764111761424,-1.91180317605641
6.97966725535262,5.60858938081813,-0.79999694224755
4.16273668317851,-4.61453236992187,7.40529551090139
7.87911329371286,-2.33910489480849,1.90617226164949
-2.94801021703193,-9.93286817131029,1.45380873681838
0.764754541225515,1.09312785038864,9.63060453641449
-1.63081246036702,3.41850492393265,8.51672181143689
7.05497975580769,5.49999320428117,3.64965245620443
6.3622430524977,6.25738870073626,2.46160834714535
6.11299927673932,2.14607168231932,7.35521375282948
0.416654465429238,-8.80907595872424,3.50861352407429
5.17851781254219,-6.51339877009179,3.52370467627384
5.75408475464448,-6.9080953754389,4.33211400966454
5.70927662380318,-5.42039873543593,-4.26021694637506
-3.69663891180443,1.17656106437962,9.56587642276215
-0.59639704309531,-8.32987109809396,-6.24800969151317
5.7800566772789,2.56240118240387,-7.452074439565
3.54172882350725,-2.20190719066213,9.01854779366865
5.79328398760923,7.30889822601855,-2.07195889422265
0.704329986836119,4.98855722638786,-10.9224087922194
2.61284973881408,-9.98792702933906,-1.97199899809694
4.83902226871596,-2.34430796611335,7.2000708173761
2.8969671336827,-8.92009387124065,3.63380134938127
8.6965994461952,-4.59636472683817,9.67276056280818
1.83883939633698,-9.55688499972598,-2.70941278679602
-5.58765596305108,-6.30092829432437,-6.8461330806839
7.97943851801819,-3.03344457342607,-2.03890710209691
4.12689932279413,7.18887240773854,5.62813490343613
-6.43038371760491,1.7848058098077,7.88386100569448
2.8528444474331,-7.2659192399433,-6.31728606672287
1.20469480573439,-3.34570392573645,-9.90233758200871
-9.68127116934422,6.33668119353068,-3.87805888116709
0.161820349233826,-3.05783124463377,9.30715427951344
-3.34585503191604,-4.65745085836881,-8.68203372615393
0.453938800074775,-5.51340376320507,7.66023851121098
-3.85024401338681,-4.25617642683686,7.50406386912318
-1.25217569392809,-8.78714482398235,-3.64121107784365
4.78767665112337,-2.60104041778325,6.3492262739962
1.27368132337253,9.31697360312892,0.32968328217519
4.4548548291325,0.926212147825374,7.16474908003771
1.66521470513975,6.12592836203808,7.26194329887889
-6.36966844602042,-4.27953201334793,5.96674168673734
5.43887424812248,-5.87258036641846,4.069222830071
7.06526224737819,2.86481721700526,1.84104387634375
3.67272258030033,-7.16776526625071,2.79685723176264
0.200482256226939,-3.97186482859216,7.45443756910675
-1.03064735087062,9.79254888181999,3.0570287793783
5.95751575493235,-1.57888985884014,-5.81491370250597
2.74615992279085,-6.58278058532892,-7.36419786319471
2.65003436413439,-4.21281339630932,8.5347731145069
6.70715989905168,1.96251636264658,6.41294361164173
6.47609494967268,4.54190477886399,6.69259486344763
7.53978884332397,-1.89430562214811,-2.83307690707049
