1.39455152249808,-5.09546723306865
-9.89622021641201,-2.39327209343619
-9.67303871717644,3.70140970904184
-6.3366431180322,-4.96152514215711
2.94914474431891,0.781213187944685
-1.09821157654745,6.46991313613575
4.72797035072739,1.94834231843006
3.80499453736746,-6.11228028199887
3.8470576437015,6.09828555895764
-7.31097687298513,-1.9236170532979
-9.40682346238139,-0.75669130923153
-8.5133509497972,2.94195905907173
-8.80558523741635,-3.4167004103006
-0.409009236835092,-4.92189042023654
-9.98371102008848,0.0736524518186429
-7.00920415012126,2.97316565185012
4.49123521479345,-0.24592919784758
-0.691687939870769,7.36859044250482
-0.659393704744699,-1.17191402575631
16.5114776296213,-4.32650219969909
0.206337661828376,-3.49175682261562
0.514507182129604,-2.48243479947674
-9.24005799678156,1.63474019514575
-5.6897572761966,-7.67327179454403
-11.0362151342161,2.18656040881249
3.48636075386501,0.266333731927197
0.384404528086598,-8.01044482798819
0.487140379910955,0.532098482065495
-7.99274825286228,-4.31196804565509
1.46265138023885,6.90685226907477
-3.88355439798336,1.67461741129615
-9.8032522499209,1.78716129272837
3.95553591806528,7.11543692813499
-2.12583673042214,-8.14201132435046
-4.71904201427432,-5.13289772354335
-9.94215191208634,3.52552203217598
-4.76759185486028,6.70568330180119
-6.25087134873406,-0.350863976199139
-4.15098236273532,7.95755219251649
1.06400868206758,-5.91818175389568
-1.68863834396976,6.0723548407635
-6.41772192839267,4.85164229263311
-4.21725716744207,-2.45041413217105
-2.06225760327801,-5.70253138668347
0.628923524290648,7.15798353092442
-2.1092757422262,-7.01528176662117
-7.84140835362575,3.06494044214881
-1.06935264948164,1.26982454765816
-6.30957157250753,-0.661521082422149
-7.75547145867631,4.10978720630846
-3.63325868467887,-7.92155287137832
5.51740224727285,-0.0613551707895278
3.74424965815386,3.0373270114846
-9.14273358194837,-1.9265398549479
-9.70546996438648,3.18812311805717
-1.03634649715124,-1.54871305665738
-9.61269022225152,-3.97295719653666
-1.72298970450538,1.53106726434451
-3.61583889124854,7.50604865686024
-6.1316556684074,3.74441643502019
-0.0801453467654059,-7.30071183984855
-9.67011075342698,2.66537961690126
2.43994413040564,-1.86334444790991
-7.77429931694811,-2.11639319346127
1.17978132312842,-3.9289631438024
-6.68321287161546,1.07972814841007
-5.0790644724525,3.23176432666546
1.50226234577299,-0.454948356866939
-2.77187556368452,1.17091518773404
-6.27327977615499,3.07742816428274
2.51875795770561,2.77084697157728
-7.78418274073323,0.916017354250818
3.02805458352501,-1.30934284187711
3.53637888505738,-2.96151733004939
-5.31688004991264,-2.71310550271591
1.68159509380238,5.49581710189212
3.84398050356368,-3.37751661470712
-10.9665545370658,0.115040305756121
-3.694473100873,6.50987604521281
3.45968444073473,6.2750566544419
0.556976932019253,-0.963002332846435
0.978061981220854,-7.56202794261293
-1.38970063207974,-1.17306613231123
-3.66663020634937,2.52263042716385
0.344288292197461,-1.60851407234497
-3.98690582272452,-6.55796781355731
-4.02329390532162,1.09163712608712
-0.847522276626337,-0.146892425203952
-2.09463288369281,3.70962266120472
-2.76416077546992,8.00720080686429
-7.20236505038911,-0.15119097620491
3.38093692889608,-3.81646308687926
3.80077669348137,-2.02054370008495
-4.54580549262418,-1.14423446174445
0.193519815258444,-5.67336023683653
-2.76318730087197,9.14868679695037
-4.69293078994313,3.37152313319149
-4.13738795601006,-7.43136814143501
1.45165642366127,0.944589110905878
1.8480807301499,-6.12838283153287
-1.27599878500522,-4.52698356459359
-5.47884596429954,4.03073170069427
3.51821392963708,-5.55975752148921
-9.50578955198248,-3.69037972179409
-5.40560321024195,2.62196023920477
15.208640526263,13.8642398135704
-5.22580593175591,0.222482358075367
-8.87107588181211,0.789371950804851
-7.99362341975672,-1.90598376582808
0.557068949046955,-7.07475902026866
1.76666474634022,3.11951158130688
-7.15711447819512,-5.06823703237215
-5.81127150433477,1.59407048585785
2.31041430162156,6.54953936574746
-10.6457322458397,2.14025824376366
-10.4300558370291,-2.74113258475362
-11.5016523433483,3.67816402207145
-10.3737442618816,-1.95915678062275
-9.52247347323171,-2.42222298191759
-8.58967680732627,2.70319399614852
1.27531208305261,-8.93536096719686
-8.91863804552178,-1.85895371665374
-9.96912068302143,-3.80320710025134
-1.72613081116098,-0.854420552423007
-7.63660467550914,-3.94598274120061
-3.21011622143807,-0.314329234349707
-3.53312582314226,-0.941060341560588
2.04827771301142,-7.22853734562111
14.5138844798953,8.60253182719669
-1.01556860061971,-9.49491734157557
-14.0907973989419,-3.42603948317995
-6.92889125159456,-6.24820988890028
-5.02939866898865,-3.63886803995897
-2.09960134302746,2.15649411376448
0.143061882945351,-2.73916667555439
-4.91379345520411,-7.78092418464641
-4.02038446176547,-0.738593552450274
-6.24012797564141,-4.67400732900781
-11.2061720632309,-0.257184297741927
-7.30914601524858,4.24615073865106
-10.5254714691048,-2.55164599909746
0.42950321558863,6.54113649244192
-3.19637542612516,8.65185161328966
0.372911327081972,7.34033497792129
-2.14928673734978,7.5271586746503
-12.2200673359058,-2.8406528248408
1.93548651809238,3.59456968736718
-2.20174814720585,8.00958370805418
-3.96773862665042,-4.15972854643204
-4.14188952417554,4.45387191218687
-4.20971575321412,-5.31573942402173
-4.61816736889394,-2.53787683292877
-0.330524852473712,7.15121939096241
-0.632203191910273,-8.35082418913119
-5.67819784678675,0.444702536063458
-1.2852727288127,7.83188010633905
-3.34166255918265,8.2895711045198
-1.64961160065855,-2.65836747767392
-2.26074735083745,1.35877521377946
-8.72445609229471,-3.96807582226408
-9.14207332586374,-1.31109304535073
-7.63846394900583,2.40541179608604
0.0387280115733632,-8.69248751226941
-5.62277354485262,-3.93174089843549
-3.2812304622648,-5.98856396347871
-9.58557944347706,-3.30992309996388
2.19448474197193,4.68079261027698
-8.4167465296665,2.38579716737101
-3.08611366284347,-4.51171874870336
-7.19400591969146,1.46654713239633
-7.49847848235534,3.16118685671387
-4.89142150367997,-7.03057314190674
-5.80068395711344,3.27408635637848
-4.42556839466956,-1.53022575578824
-3.73501603193274,8.02834768065633
-3.79813499460868,-7.7066347401526
-3.15159754910448,9.53730446872655
3.2334660071394,-0.822363868728627
-2.13709483268436,0.387960953635059
-6.00766843176089,-1.57002000024862
-3.00616711731704,-7.86659156656532
-11.937620629194,-0.397234890555089
-10.0471936662014,0.45137156908371
2.61698459477822,3.30534866723471
-10.222056795256,-3.21448930107907
-2.50848095645338,8.05656849036342
-9.51579771531229,1.23077718893261
-7.95018060545887,1.33124867970315
-4.08082436730709,6.98562768233388
-6.75474832138995,-5.75868218048765
-0.208357781074777,-3.67808446866633
-8.55530516437662,2.0791645358907
4.58370428782839,8.49525557502978
3.07364549935744,-0.304462111058927
-2.31282699212033,5.72949998871829
0.274511042586329,3.48514742611273
-4.24483402269755,3.52329395840651
-4.28904570196292,-0.13398391795575
-4.18760261606653,4.93288304515551
0.415777393365179,2.26301844874271
-2.44242220746904,-0.875452139565098
-3.35399718824229,3.0239869934836
-5.17304868378039,5.86969093009928
0.0618517952847386,7.53288626611627
-4.63200319969137,-6.23156936259288
-7.45716445437644,-2.81777009932021
-2.50025843517239,-6.64860098186671
-10.048548413565,2.31426259693691
-1.65798053145832,-3.18178701119019
1.19334273487749,1.35439390291019
-7.60623673168941,-4.56847284672293
-1.72936677520088,-6.92906208368513
0.554835786894129,-1.97713112897481
4.41207055535031,-3.27671341750532
-0.19502371813686,3.4344093267487
-2.47289186551298,-0.156897481877763
-0.119574444839821,-0.531579331988278
4.45392565851863,-1.55329908871646
-5.64456603291467,4.38542040821843
-2.46356927780969,7.49912526799059
-3.99951010753163,0.220522869037852
-8.78861890361304,4.44486047416091
-1.91906841286152,-7.51476424772363
5.19871812879503,-2.06329641232081
-7.79266432346808,-3.49801554231491
-2.58651266844126,-5.68824451215405
-5.58357089593501,0.998937160452284
1.21822243512685,5.16876324407788
-4.01076339461205,2.40557639161603
-5.8776187389585,-6.04736107516953
-4.31252740617813,9.40022949206935
-7.91785466340405,-2.51201352907956
-4.27463449780941,-6.30590620269745
3.98844846445672,-0.383942459854674
0.0141501726712058,-4.63064658296741
-7.01034727874616,4.60775364473328
-0.883307869946333,8.35629770089861
-0.301405378399882,-8.08326586840646
-7.17473593859815,-0.802200747320971
0.642725294837655,-5.17877892280868
-1.5429540246848,0.865056968616908
-5.41935532365069,-6.84357409764554
-3.67892439820537,8.79434764905417
-10.3755300267987,-4.50058941522132
-6.07533285434541,-6.44087923877538
-5.92992602166614,-3.09587288438129
-9.32484884589516,0.583622550364865
-2.55951127958904,2.97914742415603
0.824010908115111,-3.89070044713566
-0.410045698262558,2.29215350836854
-5.51812265938738,-0.29267738584331
-0.37229006369801,0.276098628697581
-0.647413190242047,5.24086901353555
-1.15108645917321,-2.47828143224563
-0.583661276750419,-0.646201508355603
-0.401168785468492,6.63960995346657
-9.11744681305961,1.36797180663668
-1.02223183293405,2.9036307344993
-0.890400844823889,1.70897572251059
-0.398175514269587,5.55814409353714
-0.907860106293906,-8.23478388680544
-0.590864911388258,7.97422550397344
-1.46244640076539,-2.08275387096516
3.29296981904348,-4.85979333119545
-9.57641822524761,-1.22749969700167
-0.734655786356117,-7.45373825380635
-5.38373235619462,-5.183525698759
-2.60901258718571,0.174353039083271
-0.0726350929123376,5.55409045659415
-8.64509839966099,-2.74459495449649
0.69446814937911,0.0862358482624851
-6.81129145724006,4.11461662523905
2.25186698541502,2.5367371586991
1.80880795965723,-7.07479917422198
4.39996448647141,-4.32632773541498
3.61738642260015,-0.141003595253852
2.84185340473069,1.25043717183704
-8.01194173541153,0.555730427431167
3.11399902969111,3.49161067314337
3.27830731119368,0.485012300527078
-3.48826015728493,-4.18245584943636
-0.429197792363461,-3.03224752436044
-4.57653153746985,1.85642878240481
-5.91617887472376,-7.2835015920011
4.06665247616758,2.39417141739763
-5.27114535572863,-7.79628214066224
4.40891607755565,-1.81603078253943
-2.92425144445492,2.50488106133636
-5.91519227405504,5.01945472043965
0.599077027975412,-7.70912128015284
-6.63259385110238,-2.329907757426
2.01716701957324,-0.287925934168626
-2.9861177736769,-1.14701427763585
1.10495984090764,3.53513478954856
-12.8032081152736,-0.621833460056173
-1.66261766145181,3.76562518029206
-6.82896088415677,-5.0027246125616
-5.82340370052232,-5.4720476325732
1.00178664671851,-2.64254161985694
-2.01024958884458,-9.50782116733023
-4.33253912237466,1.4319189361723
-9.27361902287574,0.879329961959098
2.97531971834097,-6.75256957382644
-5.10241492818326,-4.30251981238655
2.30825001594113,7.38056300453239
-9.30040732344709,3.35032842020341
-0.273298908865816,-2.72604166709961
-0.434939458799926,-6.17692111184019
-4.03193743894491,-2.77333653002255
11.0198850163859,-11.3211334099275
-2.70051881859547,6.01995025903827
0.0201023959167445,0.449474366490585
1.2007272481034,5.82472225246626
0.276268508141853,-5.07955339079988
0.707108711153157,3.36362432737098
1.35963518248262,-6.71328111770709
0.349573548618365,-0.388822871163431
-5.84375942302234,3.82285726493862
-9.87958093246719,4.21558999434175
-0.0402953882931583,7.0600550094153
2.30468837364734,-1.34221090159022
-2.81145795409844,7.4121147870003
-0.117417333809894,6.39084708511757
-1.3845786622724,-4.97382200600632
2.26881622270345,-2.36604420426914
-5.60068403986854,-1.45042843079935
-11.2816939025348,0.847616090993369
-11.1586682586598,2.70406598761934
2.13084929917907,7.70619698981299
2.17594764789762,6.15168730209716
-3.13626804899978,-4.10166507088872
-1.04144163801925,-6.80166658356606
1.20640529077428,-0.93589193503973
-7.61632274751422,4.82118382059871
-9.63772792832898,0.237570646232109
-5.18207420989155,5.26874274959283
-1.66731074777221,-4.4654457842839
-1.30498011812666,0.145864919962594
-1.69856606549357,5.2691570645367
-2.66685703650304,-5.27511119125378
-5.09697988802225,-4.96802891185395
2.3878550162705,-6.47895148647681
-5.71312996814293,0.0796968340065028
-4.91387724886896,1.76238322714803
-7.30157205052517,-3.89552636796048
4.71148445793653,-0.960033949239434
0.993027571609058,-4.94304601281731
-4.54017982758318,4.2205893758169
-3.70667934336203,4.72950055883251
-6.42217883768823,-4.35867201050249
-3.60293416486821,2.00033501622398
-1.72349148207872,-5.53251357356581
2.31693985821449,1.55569381981137
3.74841948253777,0.790461433121206
-8.84230754108093,-0.421555741455446
0.116880518070188,-4.22553348865756
0.0448926701038918,5.17621825190305
1.78143774829794,-3.79699081696177
-8.03758271993179,2.74438767691631
-8.27873214778344,4.00519013186479
-1.52254689138109,2.08027499469842
-4.91289652788279,-5.97922528850383
3.20154740179405,2.44131044366439
-2.73654549717645,3.39330234162701
-2.59878129215422,6.7631794161332
-5.29709745251177,-1.67301544586719
-0.766945300084034,-2.34753998247024
-2.66535400444259,4.33111691824662
-10.8301736708113,0.619950493883438
-6.1657200871379,3.39375538344088
-7.87788168578885,-1.25390666735441
-2.11765437804119,-2.89099198005066
-12.1515046933856,1.46739357523089
-4.22937601134053,-3.70941358774178
3.30067090719355,-6.39614139821288
-5.44949854099437,-6.47440590749375
-3.11913741762181,4.24966069931163
-7.263277554836,3.65866969589858
2.31975511008824,-7.06710666528846
2.80748926629621,-4.57182681519618
4.73449681300477,-1.17412863181998
-4.00492318179626,-1.3259215802344
-0.948778572589326,0.772444262901655
0.789411379073113,5.36031289640216
-6.30948405173904,-7.04229912035279
-3.20697416524404,4.73329071215337
-3.27965971189104,-8.73726655553537
-8.2357297257165,-4.7305845207132
4.14461068330609,-0.880386148911585
-8.4697604165565,-1.6069744442902
-8.60308220585235,1.42787615609137
-6.77123924178424,-3.79855101634784
3.00683406773551,-2.6519746277037
3.7258474733652,5.27309474735009
-10.7629683219415,1.42439548306419
1.16070713134212,-5.55853577748817
-9.63574417576262,-2.63238277910707
-9.97507801392302,0.867485324275638
-3.81648093773544,-4.59741984920276
-1.70747786775165,-7.77401825625629
-9.14147678929398,4.71972694166324
-8.89157165950186,-4.20132193829609
-1.16902943627317,6.08781076548696
-0.338288071345106,-6.75426643030652
-6.75724983939512,5.1857877045022
-7.08973655862725,-1.58434383833661
-7.88123539016786,-0.697385987904148
-11.1581390762958,0.386606774822713
-3.76974243047093,0.613527409981536
-9.11473083722784,2.41204894947841
-4.80677469135332,-4.04721172390349
-6.36263876113006,-1.77806233439289
-4.01128995566924,9.11837665413484
-9.29388305972065,-3.3511767847185
1.51107929781811,-1.52667153522454
1.61000400220851,-0.883329268077663
-10.7125514862847,-0.283520858558465
-6.96907618200588,0.212036790257931
-0.45719782588766,-4.44484257400385
-8.73964001792163,3.92522938147462
-3.49886500729879,-6.56542549653945
-1.6195044555166,-6.64095895897455
-4.42182366035586,7.12854879772534
-3.34890748785368,5.01407901279534
-2.15190645994284,-5.17671445591106
-7.07833784576088,1.23340782358336
-7.0445985456101,-4.6299115954105
5.6367368155546,8.93994641555088
0.441073747067536,-8.54985066738502
1.23110236104125,-2.37076490700055
-7.42867020768594,-1.05057098661634
3.54531795800585,-3.45664589493763
4.48449453982522,0.968067089716684
-3.78681717210682,-5.93600322144584
-3.09709653332782,0.956572352873743
-5.5609050043375,-4.92123845549215
0.996530683374038,-0.420168937854677
0.101900277797656,-7.73279881043526
-0.395562379119193,3.19115529441213
5.39089506458548,10.6928439826288
6.58396249001232,-12.0433061408163
-10.0822913959058,-0.760108458759478
-7.86338079400086,-5.33561919023934
-6.68886160354298,-3.25181828455501
-9.19408912176387,2.82157155501288
-1.87721247751462,6.40673124784744
-2.37457204176321,-2.65496670055828
-1.48657720276264,2.95855477398832
-3.67918517296369,-1.69203156052952
3.87032984580453,-1.47595258162612
15.9183456456135,-12.3981125783268
0.512134157658982,-6.04211623974518
-9.62931886453442,2.4375447915126
-0.158480430630788,-5.49517878046374
3.12441407952937,-4.37094867524733
-6.78313352157058,1.90771057915666
-5.72569109072386,-0.586663723690513
4.89894272954486,0.576235041859608
-1.77078517284956,2.68168152586141
-2.12683861668895,6.94047042596438
0.151575463409962,0.894372191867269
-3.26125005628404,7.43278724833377
-4.1954953818347,-6.94899257948947
-9.74394650981392,3.00234952666502
-3.25251722584095,-6.68191958838377
1.54978279670449,2.87948849516125
2.45273900992387,-1.05426381215782
-6.6961796380704,0.341000279848247
1.18585616979023,5.51304534194269
-2.56314705098413,-4.69146516084039
-5.77597428639008,-8.12417872684165
-2.91659938883765,-7.08625649637131
2.84890370622283,-0.69230967538751
-0.378702170620787,-1.99228862772141
-1.38895516067919,7.40900637307523
2.38399736070259,-6.84572159941878
3.69915281078435,-1.20847301038523
-10.7527492731337,1.15207316893667
-1.04756306965383,-5.14289775707224
2.83060119678804,2.34297238207061
2.61679107452777,8.21953684193764
-2.38222024605839,-6.29744523888816
-3.25096529717139,6.94470229677732
3.17358099043475,-1.63801360288753
1.59400042592966,1.80860992451342
-6.450288817133,4.52267294063784
-2.22385609100949,-3.37475688594686
-6.05450926635785,4.29122832625325
2.67127042493088,-3.05393221292589
-3.00605231549007,-3.34506316855814
-2.62100668624208,-2.06018205252074
17.048103882916,5.45106700183177
0.665823210306105,-3.23328304927491
-0.529990669883998,-1.68667132099761
-5.05955716159326,1.15194960932818
-4.77301411752783,5.189293080157
-0.775205985473815,-6.3904641814717
-3.57238693467507,-7.33693215231118
0.969600991588592,0.705561204089625
-6.65639188286476,-1.43805143686389
-1.34625722390808,-6.27557325517061
-4.57594173014187,4.91460049128511
-6.59132227719857,3.1112264995837
1.62917438610136,-4.47037880001836
3.53566042110815,1.40647959335065
-7.66123234792014,-5.53251445416096
-1.17392755095193,-7.95577250046116
0.998900642232008,6.93781527592066
-3.37025475507328,9.19050398856397
4.15191522331376,-3.88312287044966
-7.85589300098812,-0.341843423746247
-1.52377085507907,-8.51214605506557
5.896577050176,8.85858668004214
-2.23054622793371,-1.35383244057765
18.8442655037828,2.68229446779376
-4.83339105373198,-2.97104740796742
1.92893476263639,8.23384461178013
-2.43096145950475,6.17488046395725
1.69444279693327,-2.12379773571072
-2.92517247845719,6.44876663327424
-1.19715460694035,3.4594035233557
0.528580051700093,2.74738056312605
-11.5581667734137,-1.42323890326466
-1.60745915609937,-9.67635155387311
-4.61937782190104,-7.21143449163901
-0.722753907131073,3.11086571742992
1.02559718233946,1.89006714710116
-10.4284901011779,0.885424567152946
-8.42649276088819,0.832608124724586
-6.16902367731843,5.89194544686046
2.98582384356614,6.6419561947904
4.89144921375874,-3.43640277913534
0.832007599929976,-6.35512414654406
1.53809337080046,6.46209812039354
1.79375212433639,-2.76416762797075
-1.49738005675433,-7.59881238244178
-1.80707631146946,8.17110336288412
1.67008332509911,7.48323677189686
-9.34016973339792,-0.114313823620259
0.572714912261428,-4.42628892211091
2.22080018065011,-0.64346687160345
-1.41491396138967,8.20750850854724
-7.28318803339771,2.05730415610416
-4.42306931208911,-2.01478391409433
-7.51655240330482,-5.730983379103
3.0698433579532,8.27796996845974
-9.09588751606723,-2.14619404214544
1.02040329588445,7.56455420145314
-11.1306824678412,-1.14009651803048
0.813326240745895,5.99409418505982
-1.03149334880716,7.1086024170572
-7.95475287086338,4.48408991306164
4.07072773855589,-2.74207861781697
-2.91512194419493,-0.719920951787571
-6.45936801879779,-5.28524474746208
-1.32821333829943,-0.555406204996851
-3.31825405466277,6.51930372373732
-0.416030706170492,-7.67855163711217
3.04394983147162,9.82454902248292
-4.1330528232501,-4.85354306765151
-3.44039475678521,-3.29441684925845
-4.95613155769651,-0.750970200415078
-6.45489521709946,2.34902198616548
-10.6894069918,-3.910748706264
-5.49916430458762,-3.13141049391542
-10.7301395739787,2.73662272822959
2.59601763224713,5.92556758850233
-7.19253174139337,-3.1859954057547
-8.03331741135253,3.51346703656396
-2.70847169923184,-7.98778534451086
-5.70794361545277,-4.64589143066214
0.115593037036632,1.8562962562983
-0.964477887503129,-7.39675521115934
-2.35598914301225,1.01643893107632
-2.87045910887905,-1.81876059410216
-2.58348232492691,-7.25264089202775
-0.948640195433595,4.86119465827929
-7.69845089652656,-1.58708908161654
2.70052428787832,-6.26451427627996
-6.35310449972122,-6.20625121972789
-5.44633526349092,-0.979530725422823
1.47705884186124,-7.15477478697537
-3.65202854216861,6.33076954996443
2.09537858696224,-3.11063026435058
4.62144267681406,6.38099708030159
2.30511057624228,-3.43424103626025
-2.73146210222681,1.9950711125956
-5.07261931625036,3.79252406023531
-2.08178640652683,-1.78464272574504
-9.08596510686174,-3.08798408885767
3.13655853769111,1.63504607606076
-0.958753541960325,2.23343250517415
3.90537239882324,-5.30973044839351
-3.28980485750328,0.213048606355728
-3.26094509173412,0.574418187685433
-0.878870576598645,-5.78550276428152
-3.9620032764466,3.98649352180116
2.12449622164082,-4.84921611370006
-3.33318883991507,3.81227748060798
-7.11497321586104,-0.497909333583835
-0.883298718433102,-3.84903659816282
3.09247150501681,-5.825672954719
2.9874697120214,5.69862996779367
-0.665422347175026,6.44741298694145
1.80753057501338,-4.9358727489745
1.17715509623693,-2.9545739333441
-1.39397061545782,1.52626861490606
-1.27989400270709,-3.74820544748695
-3.67926666135244,-2.63006630890612
1.77661692510442,4.87566379870729
2.83613289749174,-1.8209491601015
-6.81353263684121,-6.94295439878027
0.827752297863531,3.09244175752748
-3.26852301930701,-8.09458353896882
-4.73665446903187,0.248387997847393
-3.72259685258958,-0.29140982555051
-5.75984998519691,4.83798997244492
-7.18951413591681,2.60468927789364
-3.62481737436549,9.10641757031227
0.327907124562487,5.22876762151504
0.050008632808833,2.39546724321668
-3.49651661030609,-5.60650951942608
-5.86902807071972,-4.34214849423327
-2.29800005739043,-8.04493321116378
-3.21338597995944,-1.51849522993652
-3.04767969802304,-5.24308015642589
0.537261729023003,1.69264325439588
0.14520916717659,3.08337876903921
-0.611854099230068,-5.19634560463409
3.26152699890472,5.47809735888991
-5.96754061090468,2.39960240982709
-7.65561333916295,-3.09824430417524
-4.94195974116434,2.88635743564762
0.156265616970687,-0.761118580745891
-2.3436191082318,-8.88129031952781
2.56676307912478,-5.82807042907107
-7.70295472412584,1.78948458426482
-4.65624023859296,-4.60973010541925
1.82267133535343,-5.64888152448342
-8.8791152721185,3.51013092196452
0.562350845305316,-6.55373184761285
-0.47333845331392,-3.43631361034747
-8.65951426690322,-0.0284950360838478
-4.50964728252615,-7.71010442488868
1.07298914534597,-1.4753572932677
1.7683945325222,5.93891280041153
2.80060415409501,-3.94781730591765
-1.29057650328702,-8.21900944855026
3.58745102966022,1.04011198070178
-1.64380627031899,0.395117860645804
-5.40792159826624,-2.27857205403637
-4.80659043309637,-8.08927204815897
-8.01148946524996,-5.02096369431536
-3.31808940032837,-7.67635397061152
1.10181363137492,-7.91815312061083
4.09948391739076,6.36635025395793
-5.36768899957566,-5.81942990116365
-6.33977420247311,-2.65594425496272
3.34380376346071,5.05818894901965
1.72635073046274,0.273976566895662
-9.4298830695661,1.99027958503416
-10.1780101110515,-0.3119061195924
-6.08478015583573,-1.0005562558959
0.148390123653712,-6.52918426631511
2.34943092056083,0.453674282531593
3.62352554189947,-4.08024963457874
-2.729181245481,-3.80361191659872
-0.449353838806697,1.7559110808287
-7.33972005201907,0.455649485714132
-2.45809696348761,8.76388081930235
-1.80792158608305,-8.47661876919757
0.00921813062299433,-1.96634066582388
-2.04630700961974,-4.78562234805661
-4.55711506596133,0.628494199767005
4.71349673551108,-2.73028404038756
4.0107132528309,1.8218404689589
1.79585628567212,-7.68190606945526
-7.82233866710204,3.82604343947093
1.89394751778227,1.54239234967191
17.6199712604698,10.6200446908044
-8.54190040598123,3.4247835197811
2.18199925455832,-5.38367689978742
0.103256209243664,1.33152858444708
1.95749140957163,2.05019224399613
5.42028514568963,-1.11438212325033
-2.99283678541093,-8.24126946260664
-1.26220181454242,-5.74862582169788
-10.7437242501079,1.86299011720437
-8.46904899475323,-4.23296734015941
-6.39822694364416,-3.7889752391091
1.97317499890307,2.72072625968741
2.84917233823379,-5.27031060098664
-8.4914719311205,1.68962598919115
1.30887109308836,2.31956377336973
-0.0572858477251487,-6.30725332847338
2.38195401184276,-4.17939275275741
-2.37820208406939,9.19883657258728
0.302697912635314,5.63229584843548
2.99068743196956,3.88126705284046
-4.33602074260201,-3.13201939441335
-1.69006491129002,7.42628866741968
-9.3025021476284,3.88350483035653
-6.89569809157081,2.4882639337753
-9.64618981588656,-1.79997599801983
-4.02365148746219,-5.53886627501889
-2.48551258648474,-4.18683385165839
-3.21413155780043,1.57924630942009
-4.00984564969334,5.37943633654782
-9.63085111559385,1.46561424702613
-1.33762336180332,6.04268858558766
-5.1070581070227,0.843963405153139
-8.42762537355844,-2.94472045281933
4.33170004031828,1.45881299216336
2.20167015372327,6.95048825609609
-1.75622721066539,4.99944073986578
-6.18067722788536,-7.60091459500988
4.23838759011532,-4.5836898933431
-0.362402724642471,-1.11768139620314
0.624560093181302,-7.42845956574798
-7.89088959758632,1.62572986487866
0.962460477266396,2.50979757701493
2.40082009848569,5.27357940265569
-0.431330908475796,-8.99898257806063
-1.55495195920362,-9.93406807845531
1.37408474496638,-6.02946755868703
-5.87517434194925,-2.05220458485742
4.16293336930241,-4.84413241526284
-7.09507081965389,-4.28371013360113
-1.73452033333667,6.87584352420735
-5.87892752366659,-3.61710684477849
-4.80869294463272,-5.52394317270998
-2.90904647289086,-2.77920235619811
-5.32332699342762,5.12080935849588
-5.04624232276503,-1.99631766571119
1.75804864774679,-3.51926740393354
-5.14769444896493,4.50817548632104
-2.02771360030419,-4.19007316261526
2.02529998284216,0.933254668422015
3.11984240620068,4.75848598178475
-1.70059323393419,-1.52298999768223
3.44937783361952,1.96706462389588
-0.740164947621275,5.62692743943497
1.98629383797174,11.0291597545979
-1.10903132568699,-3.05620848334361
-10.3082636142505,-2.94158657662899
16.6336053928667,-0.524137456217359
-8.14595830670706,-3.46193791675044
0.53500701898183,1.16058635900014
1.30877951457593,0.319552235723644
-6.76496887319266,3.68545625560311
-6.04235600927452,-2.54233428626976
-3.68805668072518,-5.25652050673693
-4.68011910180512,-0.360336366933857
-9.07103368686792,0.0151899690776723
-2.14566492126347,6.16980306244662
-4.84515097996458,4.30971442256116
-7.15682028335386,5.06029997977
4.25146237925676,-2.35049205870051
2.7660271374008,-2.45485318076986
3.40109023114345,-2.39745557131023
1.79481750455017,-1.74522166163428
0.964341258247801,-3.26934341822606
-3.93204263026976,9.66962197088545
-2.01119693543042,-0.0928484716895318
2.67221569510767,1.69595091971623
-0.391292564119726,1.34133642783828
-10.9947504819538,-0.668423653506136
-10.2309167076742,2.66686310563446
-5.33647852207656,-3.41965382076929
-2.40395156415996,1.99717217829893
-7.25446038634948,-2.49360605676219
2.87437513722077,-3.38739605468599
1.50494337112582,-8.03244024159702
-5.25510711612033,-7.06751357990363
4.40228579967738,0.517729390594704
-3.84794533091655,4.96178649842573
-1.06651767637544,5.40073187844715
-2.89792475627974,-6.4072236850031
-6.99073240044134,-5.65611544112352
-9.84826219209606,-0.423652066707948
-2.05079929296958,2.87085009863313
1.22805435058409,-4.46156247556613
-6.24519037244414,-5.7844991458767
12.8698717805493,13.6217342066595
4.38810063336234,0.176332887100949
-3.20912281482591,-2.47912657232941
5.63495351617998,7.43134388709482
-0.703983856141471,0.243718473187118
0.519950221026445,5.99917205953254
-3.72772558674499,-3.56882111511901
3.58530758165585,-4.72019913260875
-8.69478430189005,-0.788149447329633
-1.71311855233223,-3.81976714117825
2.22982667779589,0.0259314929363828
-5.56926930156134,5.31893414278594
2.51802044765029,-4.90701164311695
-2.02782841317094,-6.42653620726786
14.8377415698439,-7.6854298064356
-8.52710431343132,-1.1353092235158
1.61742721512884,12.9886969176668
2.82030844130268,-0.0475989422388916
2.99275772121074,-10.0625117760778
6.80554881774046,5.31988786197426
-6.29216418235905,8.7650786088537
-5.4722215975587,-8.87282026116836
10.3792811443179,-1.12442412145033
1.22855332478849,10.1191230476564
4.25814127986138,-8.62132087054879
7.00580095914738,-1.65371791586665
3.42136750917918,6.85876896856912
9.6873465941821,1.78416640153309
8.20024059687766,4.01123692809792
-12.8157590101739,0.933484456908556
10.3506749949093,3.49780499218024
-0.321812629291224,-10.253687958116
7.20042168237244,7.94024656477226
-6.06069335190971,7.68073435516845
2.28739235006686,-9.81424166126814
0.701362618569039,8.43404793606136
8.38995141780505,-5.33680774423567
7.06443307903966,-0.512478421240729
5.77595065442612,0.611111686030996
10.2427393206614,0.592420485913961
5.36270507264621,8.7133432136881
-5.63977422055898,-8.62070491095851
-1.25325601112965,11.0751147359998
2.72603725496971,-9.59195745062107
7.59248716158195,0.710471005879738
-0.845409770008235,-10.7724112502937
-3.08096720059899,-11.3688708467172
0.947160563546223,10.1957925992992
-6.28044890386322,-8.45179403570403
6.34773075594743,8.73991990398468
-0.875725549425452,10.6041237739773
7.81125084765353,3.65818691465737
8.6523939393103,4.08181292022402
-4.55819168011491,8.50341556745326
-0.137631498531579,9.63440634806262
9.05709498318685,6.42901124456139
-3.30957815603484,10.480607066404
-9.77284185959219,-3.08089697808684
0.825702607571319,9.56935302380485
-8.93012106279833,5.59994040984481
-1.43347719302094,-10.3726312224312
7.98644094407682,9.08125975816713
4.59089951326427,8.87090672219592
5.01254432294714,-6.87792908255499
-6.98601856264209,6.83045629723972
8.92905511918702,-1.88175641816852
18.3559197922432,-1.4819606566882
-10.2923000456479,4.49580407478097
15.9288517278624,3.89939297406179
9.54820074551789,2.41454647659199
5.57097039148107,3.08296634469981
6.98634815854048,7.39715545899436
3.65941447565291,8.16238737426582
7.81817218082788,-6.32385583330554
10.6248517348234,2.91038354491079
6.6478945274197,0.341959129046878
1.59412468287832,11.0402123859058
3.88279607346779,9.07563551538946
7.91456684919571,-6.0979431966935
-9.12270158700185,5.28734967535175
1.19229338332097,-10.1139833236581
-9.29375101056023,-4.19098552654885
6.13689961779823,-5.15840809007429
8.72094509288183,4.81872681408747
-5.36301533102886,9.05604753786795
6.7751502175313,3.77283838730472
8.95239048482673,5.10923600065898
-10.3532972543611,3.52799705995663
9.46845742067079,-1.53334485475441
-5.13662980416661,8.57202787632946
7.40768468213076,-4.15015079670137
0.222464165960223,-10.2026115302635
8.02947106423425,-3.25358166116504
3.68956157315673,10.063374628435
8.48589196454439,-6.99879883837978
-6.41596494040221,9.127671457852
2.1305269354668,10.6538698524819
5.86392542075806,8.39476867830816
6.48287378044555,-0.43535944496896
8.03998403316269,-5.4347413230627
6.76076375165746,-7.76759695164204
8.70359712229944,5.35368905200026
8.49561240503711,-5.06960492932342
1.9240874824858,-8.96413509338588
7.67466715833523,4.18385802141432
8.22569594914897,-1.86398047021165
7.11995757791587,-3.55530120208623
-1.82685825596308,11.3927568327971
6.53334922329791,-5.33818831751852
-1.05930441306361,-10.7511612922589
6.79123576433546,-7.3953751070913
5.88659333504027,-9.34243321525119
9.73867527220281,3.18453635009122
0.69027056865316,10.9663755600762
15.1306883736164,7.34339411675218
-3.94315262469716,-10.9370034693552
4.80572404677971,-8.47542085536097
6.1242348182193,-7.96137974242184
10.3050622426284,-4.62904123267267
-5.2331394069667,6.47088096117317
7.4058588202056,-8.16560709767638
10.1847837634938,3.13204650992889
6.20725407298222,9.76662378146314
-8.19841302154032,-6.66078303048304
6.63241724204352,-8.5573175888854
-5.71170347385793,7.09316002054605
-9.08792788802283,-5.18393674872572
10.0056557565303,-3.9803928516332
7.90176201189428,2.25404974541251
-7.08201392949661,-9.84122781155747
5.4406358188995,6.04624129508836
2.26342765048275,10.5971743954254
-7.64229989075524,8.18273205069181
8.29122453818777,5.80592231975203
-8.15755629245159,5.58540507622724
4.97687919612298,7.85009607597924
8.04556995187087,1.25864208762311
6.86542465944776,8.0208182403009
-0.636958684740101,-10.202218688073
8.99119213441857,-3.58907171292854
-8.76159984941216,-5.64066856015991
9.1186986986101,-0.0625196580496023
2.43687222048879,-10.2254200471661
8.51390994102416,3.27222659528627
-6.16602455799781,-8.66543914780367
5.43677801974168,-9.04918397693648
-6.91945756018834,7.90414992032144
3.81328513271053,-9.20589190269024
1.72067345026231,9.15794114499815
-8.54784296540077,-6.95091983975656
7.02560389878606,-0.943758146689276
7.00963441188922,1.1792393443901
4.07058113707995,-7.92325575668115
-7.41899201489568,-8.59295286487214
1.5997789734558,-9.61323188760041
-8.65031543020909,-8.13641455445666
-7.97127769514745,6.93449900492484
-7.34336525493708,6.72618055856546
8.14726514915095,6.61791841966921
-0.5141757109637,9.89834905902026
-5.02831427668869,10.7665326267565
3.97390061085549,9.44627330715755
-2.84399871260478,10.6829928920112
-6.25074037451113,8.24094804757871
6.91229973286342,4.9581999527312
-0.312834798644927,8.32850666303974
-0.149327552629364,-10.296220783507
-6.38512915422624,7.64126879736457
-9.39319748664064,-1.55493850139302
-7.21128379738367,-8.15580016740666
4.78871510769744,9.30574524947112
1.44274720055101,-10.1911699462347
10.0411776625964,1.05584866995742
1.49282099472947,9.82289953129464
-3.66378816294624,10.7047923012624
3.05582281700926,-9.41682938808685
9.93550224640369,0.405031144555511
6.79236468143438,-4.81931364255758
-9.20470281354152,-10.1732592091782
9.03361957302874,7.76006032603579
10.2522497112386,4.03373004257953
-4.27821210027736,-8.41399413771373
5.75429959284152,-1.75740621842107
9.43973560829751,6.22727348513609
-10.1560843967948,7.80609640204862
4.99516548765735,8.97795316396711
8.05083549555114,-0.840443203917253
-9.98803262623126,4.65288761447523
-5.68877203185194,9.07801088165518
0.126833055951061,-11.8706431115322
-6.26858528258257,6.78716446559039
2.42412418213814,-9.16328143031771
0.432635855727687,9.81018377448288
9.76117868030792,-2.36131945057195
-2.44745140931989,10.7267309372122
9.09403403982769,-4.4864555887196
-10.4846947369014,-5.02950349904401
7.61686531956557,-8.19819536299178
7.61434965136761,-6.66268818007814
-8.87212508891202,5.47506965953468
3.29625167030538,7.47491639744839
6.45903113931287,4.47495982764918
8.25771408055598,5.43410618520156
1.20774100886299,10.8713839921386
-7.55182052080771,5.78945267894205
2.93123672540197,8.74163346156234
2.3322498642323,8.59065486719703
8.95939562786744,3.90014011726696
10.0205141559303,-4.99086596990976
-12.5662709247742,-1.21783272647959
3.27991900623791,11.0846244513698
8.20561776594493,4.3535930146576
-2.08229540451883,9.50946229813025
6.89604139811258,4.59107221767848
-13.6963881916864,0.261281169349717
6.44662393359349,-7.08213328588169
5.08049305819154,8.28471644805364
6.46022984277242,2.9999519573132
6.40099456399528,6.4466529667753
10.6736031095866,-0.949250172680971
-5.44252665500129,7.85251755940203
0.903836627117864,10.6542465557541
-1.59292184566577,-11.8320082482026
9.69140441666358,0.867288534144819
1.17680691275653,-10.654824306661
-5.07554776712009,9.2759365187533
-0.287220158797424,-9.62539176414285
4.63783547212938,5.14307777573605
-7.75869574903557,-6.5337053512167
8.81263796614182,-4.33393019356775
0.831567727253134,-9.38352057981344
4.54284380229677,-7.01104402994523
8.3627871369438,1.70224574496454
6.25318180417852,5.70699306125775
4.3725747876878,2.80018476793984
9.16445832999916,4.70778285772693
-6.7986198418667,9.00006207311792
-0.748968036426824,10.1924291071933
3.28782979907786,-8.10220543657281
-9.42090433384043,6.43182140640163
4.19152482983686,-8.34164677853082
9.13665923250025,3.44055824243511
-8.81427935612531,-6.13692345706574
1.90399266833969,-9.70152606453882
10.4043303518442,-0.158141393470385
4.39707781887443,9.82808693610894
9.2007504417652,-0.375380061692243
6.51993733351342,-3.1056679802245
0.430797582788945,11.2074309352672
9.96637460087941,2.54134126546093
9.42307160737054,1.42566648287029
4.75930988528194,-7.76616053487688
4.11381248215079,-8.97048434154006
-12.720113593475,-1.91935325434214
-3.88049239188756,10.3462585943293
3.52517931592104,-9.37820477871413
9.37759307129465,-1.83832327251837
4.71249207810125,4.42433551784494
-9.65366648076202,-4.36399074296545
8.85373187889839,-4.9952255368272
-3.84768755522542,11.5631937513522
0.493287711328966,-11.3643114397207
-8.05023946465895,-7.71129738074449
5.93497775097988,-4.37926304360676
-4.71543585611252,8.85958229241434
7.19192736570842,7.32711186501586
3.29039189152253,-9.01606123361124
5.37465966474348,-4.04110052998088
6.30872435987949,3.92802320508879
6.68882516588688,-4.24559178461467
1.18341504826274,8.31520595492195
8.93648117939365,2.38495579674399
4.43718664886093,-16.1295164631161
-4.01337808752047,9.97140740098712
-9.55043344286811,5.09551468216868
7.68097679010828,1.58821000519735
7.01821002228364,-6.12811855283147
-2.03317435790113,10.0300895416579
4.31501632567607,4.8392393017026
-0.261185484951074,10.8151441052498
3.29414155933993,-10.4152669779658
9.51621785720326,-0.993643035978522
4.88365259676699,9.99155004554234
-4.05038252942041,-10.3269850923124
9.2245669898027,-6.16087484691897
6.02177495681981,3.30805462293935
1.53271021661761,8.05250637070658
10.0780160925028,5.44740864198853
4.50641731541505,3.86999288709665
-11.8548560422661,5.1733034038997
10.3745265649483,1.80976549631271
5.91733771770253,7.33950589874352
6.47435952306634,-7.94072736639973
6.5012039068551,-3.32488280695749
7.60683285992774,1.91599076322594
-6.70481350258913,8.36099224884426
3.6787237631667,-8.02615479930329
5.51750832152563,-7.96207429585292
-2.55612413884455,-10.6585806755221
8.6367382739565,5.69930628572348
4.70041881256709,-8.09369281497291
-8.09310022128924,-8.36987202381889
7.72052154142732,-7.39290297921848
18.1258265206861,-5.94537354587239
10.8784996160085,0.819917416745049
7.8734542554604,7.15975440119
-9.86629815395629,4.94075237083061
9.37285328551652,-2.95927822319979
-1.9933579368754,-10.1429417276008
7.70976185768821,-4.59947363528191
6.34652482892039,6.8410306984869
-9.44194723237981,-5.27334091078459
-7.31737301161026,8.09787110108349
9.53031452843436,2.74729579007034
11.0198198408191,-0.614729316264142
-4.74972637789505,-10.0722179142923
4.90896742663437,-9.98675577252228
-6.98817479299058,-7.42366625527282
8.98680061252028,2.78317985439885
-7.90438886550013,5.67752520449028
7.47749500417438,2.58037306044838
5.52199297618465,4.74331438030218
4.80039179961583,-11.5320564288074
-6.87816879007468,7.16392706339331
-3.99460335348302,-8.57968296214129
6.31204367589138,-7.37812617153801
7.28744414581047,-2.01403325460699
7.28763050702194,5.29042491532318
-1.33584000883658,11.4185248524246
6.02215261306478,-5.46839415013531
2.5488324385741,9.63084231130778
8.23488476320992,-4.66235062129099
9.07930739522412,4.37535440842548
7.95576227614917,-7.4228622076953
8.56457575106893,-3.44205924446758
-7.26136089480017,7.16842954828782
-5.97616365813329,7.07777330033594
-3.57236085772334,9.83951791594583
5.10736753411726,-9.16180877081478
-2.65220058498992,9.78503947694718
2.64473936827778,7.44779174760672
5.77490713342441,-5.72327918977637
7.17355146459107,3.30272548897138
-9.52901587482772,-6.14588925800397
4.58827977763328,8.15495985202683
-7.80305431141185,7.95736590574855
-2.59446758038721,11.2903033638309
-3.11516876447609,9.21756124562712
6.37747320841178,-5.95842069821274
-5.67386322108154,-9.45703301822963
2.039841892123,-14.3095967612935
-7.55471708368672,7.59554948156707
4.00250737866749,7.97280438007146
-5.35116412275621,8.22384999772578
-4.21984607289645,-9.83337644746922
4.31672573921534,-7.53917299215748
0.140540252519891,10.5209051687636
-1.61997043314668,-10.7230626253218
0.457483256868899,-9.91921851881278
4.58512558318194,-5.54836876804155
7.3908289007514,4.47513976391357
7.21120863832815,2.33630320505971
10.8978215575543,2.23869927603386
8.80309356936241,1.90968239446351
11.1683622123219,-13.9232747916456
-8.68262498589123,6.49471745461231
-5.00055760153093,7.28621083614325
-2.39223482376726,-11.565318241841
2.20878373307852,-9.34905291669592
-3.16722633015464,-10.6151541962746
10.2450858270881,2.38712885737216
7.80933997714484,-2.78817025444978
5.07960549515606,6.33401357024037
0.823867301026836,-10.0532824377033
1.07723912211571,8.89986955213987
5.46879179228377,-8.68895949088005
-10.4770163477276,1.69018698389376
-6.66545303486372,7.4896815752133
-9.24119013408009,-0.45444955767521
8.22305849316675,4.97849014523061
9.21417847595958,0.66395890715294
5.36817901610802,5.10993872531506
1.46198245679469,11.0972479492008
10.9447022457206,1.49104927311305
8.49517585481238,2.21958584918822
3.05779006878196,9.34995822377112
-7.17219089948065,6.11110360749701
5.44254033455708,7.80642481308677
7.49786974955377,-5.11191881560598
5.75233646459273,-10.0558140183689
-12.926924816495,2.09703346478545
-6.58150171617134,-8.06486814151613
2.0980982909536,-10.2206936668546
-7.48802200466519,-8.06651199026614
-12.3098273302291,-8.06304861479516
-7.55604519053934,8.59092927087965
8.34652776657568,-6.68700698363214
4.423118651889,-9.25082804630032
5.60468837168264,2.71397328947092
7.52605704203553,5.9934290530959
10.283893132293,-1.66417239557218
1.36090541295532,10.301831713045
3.81368799035729,-11.2662615414386
-7.9182598052845,6.28965342460462
1.64624341084508,-11.2554580731459
-6.16202418190944,-10.2243519384467
5.5223517373546,-2.60438211850127
3.63744692072914,-10.2843061686813
12.1643766530708,-8.51749274569872
7.91202357141689,0.105226856660765
-6.71331705856305,-7.592535977267
-6.82675675907297,6.40250405245004
-4.28721431535215,8.37367282018801
2.65709252199254,-10.0317427057139
8.07118806458643,6.29977885679823
-6.95963848067094,7.39898787322005
9.91643509945723,-2.69389116522227
-0.667806865121537,-10.6030060959901
-5.06682246145581,9.26049516828184
-10.4885827406515,-4.9182628110452
-0.639964269567027,9.46384278662399
-9.85340464801334,-5.88563506313621
4.9113280599547,10.9209681551947
8.72815961988325,3.1203281230628
9.26357347268417,-5.18705178105318
4.40418211944182,7.71195345384897
9.43662583089324,3.66011149434269
3.3751297326066,8.47567160802898
-8.99105476227799,-6.79661310066327
7.84994087996436,5.00914548549909
-4.38071042499006,10.5346174730015
19.853855514177,6.76872221099481
8.47081501257865,0.0889692686667866
8.43510407340906,0.650190210352341
-8.34845431740025,6.25235107636544
10.6712444932177,0.459180941224645
7.42395102124101,-2.409003707168
-8.50754648918444,6.86512537187533
3.41531942247733,-9.82901128493315
7.04727044143087,-2.88580549784225
-2.25997454158028,10.9045240030415
-6.42842411199672,7.15007764832716
9.53403696950224,5.78177407087499
6.09087097625506,5.01809601153381
-7.73444536313165,-6.84191180845897
-8.8136144652709,6.12255752524532
2.58808409453215,-8.8335511060906
6.28919252603578,-0.856598705098082
8.99013285913668,-1.31585156956709
7.00106606046387,-6.77973190959657
8.95025384541324,-2.5245726245487
4.48859857212281,-10.1705838709408
5.24234982562638,-7.29263152345353
-9.40194860707732,-5.61632425097219
8.36496614346045,-2.50210538315597
3.00563923699598,-10.6079741027458
5.51431741881805,3.43182611200912
-4.81410098966604,8.28970838672629
-4.719048015868,9.32347509035598
3.42792217797165,6.84277763934784
9.66106394042847,-5.58052601590364
5.98312983198246,-8.21261823843393
-7.22693025163157,8.8784103312478
-3.23471734704484,10.0856609168242
0.904992624305204,-9.66148713724166
9.86119865992729,-3.17851023425781
7.61751727083832,-0.593234840637902
7.51308355012508,-1.53434463191748
0.611990841141138,9.15353255702896
7.0864943915104,-4.47214236494724
6.04978856630471,7.93309571901076
8.72602296188301,-6.41098663418471
3.36471614511234,-9.73445851289381
-9.26088963032378,4.40891147692287
7.18281423259549,0.0764394077107409
9.85334621289713,-0.450941378460461
9.27573226996083,-4.16681985213941
2.71390717126598,9.33329615266083
10.3406095455087,-2.31599664577274
5.0934166067202,9.44381550520384
4.73854332220026,-9.34546535689252
-8.78497414936797,7.17201738807414
8.30850031730958,0.933592446727003
8.81081714245975,-2.13971839218571
7.69582521684778,-3.79331399301238
6.05275098407347,6.68041293842832
0.604972178324216,9.76249477284289
-1.43510347730925,-10.938649005171
6.87285006564243,6.41891454632286
5.51562958545522,-7.3013735530656
6.07989755047159,-4.00519364366679
-3.67544924258174,-9.75736187629596
-0.155243405495144,9.20954909704979
9.78541219660717,-3.40182249525179
2.96655187290006,-8.64307546937295
7.97983591115594,7.75610895097034
5.2869511157752,-5.32271374534531
8.78130249190265,-3.1709641084936
2.49643046778148,8.96820792805227
6.83302521042203,-5.70556677806916
0.399305423027016,10.6158589856221
7.80635234520434,5.48812911807013
5.38446725550013,-5.92533811796057
-9.7483484792124,5.9343911652682
-9.30205934770597,-4.68461100295213
-8.16678749440752,6.74303840050085
18.1036467373889,0.750695495616902
6.52769046358792,-2.05972814975803
-10.1461257124745,-1.27252398153414
8.66313123433381,6.70339897062366
5.85588022579097,-7.13599898520435
8.04108373626483,-5.87955563144197
5.91438333975664,1.22922054142423
-8.24433080032145,7.22205588133202
2.6404024110919,-10.8828937683167
1.77597752342082,-10.2747385339612
9.21317842480775,-0.649146578650581
7.85157852647164,6.6878393644811
6.39685518234888,-1.3066085533827
6.23618571405261,-9.04063826161355
-8.77515809924769,5.02772935352507
1.71585250489701,-9.14366794246959
5.91997505407936,5.67597974279439
-3.41643581835918,-9.82824730864182
-6.20549209847308,-9.07214014096159
3.61657813519335,10.4318760240723
-4.56886109478749,10.2576252259984
-0.160383838939786,-11.3317733029171
5.02494409389805,4.142572348329
0.920581504625694,-11.3198182255697
4.07158592646875,9.93296877464413
-7.46440788500216,-7.45763032854982
-2.84299618548699,-10.4621028357061
9.93000617995962,4.62825831533117
-1.19795994559797,10.0971834623843
-1.60173816785686,9.18590339567218
9.95280478387016,-3.68681860228663
-2.30280209716135,9.88555124257474
8.10350373223329,16.7588365809797
8.48597089548889,-4.35539445719501
-10.0806769087507,6.4203083228491
-6.43326903891981,-9.44408639032738
-6.95774662161247,-8.43617854492767
5.98150318910851,-6.05936894729655
9.29090917027465,-2.35554315314735
5.8374880948386,8.01310289243699
-13.1373076961973,3.6062816760528
-5.71583082231216,9.63972279139324
-1.05160410947858,10.6226859746472
8.56412070042287,-0.253397293891504
-5.02763934982711,-9.49793906914673
-2.43096802644747,10.35287434502
0.874779034122536,-10.3066730958445
4.80358493143573,-7.38152954606792
1.81181119298275,9.68387582849267
0.403878785772785,8.62209490698812
6.54941524712084,7.55971243260481
15.5642853038165,-10.4182437408756
5.90341997511911,0.165138975417353
-0.213049164670853,11.4349476040088
2.08725235721194,9.59685319544486
7.17353374446684,6.345045241572
10.5243051180533,-2.1807890370944
3.18997042562255,10.5685212235209
6.76434692137666,5.99920236118742
0.14968412853667,9.38878537102338
7.43216052928899,8.25958107827499
-1.46877174492962,10.7025793558169
-1.1758618621756,9.51929895009431
-10.378177293446,4.06490320094983
10.8465876077922,16.8314100579928
8.59688156158058,3.57020154534257
6.02405524859126,-6.55967617575755
8.18130133076699,5.96178820679187
-0.828267845218024,11.3995884339221
-8.26850668503945,-6.1207342799429
2.17609761914111,10.0004186880988
1.50822819175325,-9.90059476007952
3.89052073171729,-7.1640333476492
-10.4344590780583,-1.60960986243097
4.12432796592765,10.8800128395676
11.1261154502933,0.0737418259232249
6.90016929765938,-6.98327113027523
-10.2386679380002,5.33520222544288
3.33557267714498,7.96899344961346
9.39739658965038,5.07231587623317
-5.97023301831607,8.8392514844642
7.94938469256343,-5.60720465687044
9.82973526837606,4.18277288419871
5.47047799671936,2.23745446745238
2.23970886995683,-10.730499885959
15.8417193873948,-6.00075253863607
7.5533889081448,-6.28396478129189
9.88022988825711,-2.96254922063782
0.0472647629321445,8.36652446079094
-3.71193308256041,-9.11581918348737
8.48608956289846,-5.67495343568551
-6.07075254177198,-9.57712588072066
10.4635025578561,0.0805048374583788
9.47545994658811,-3.99624391166127
-1.88387995507356,10.6528911963901
8.97355950570867,-3.96057572233279
6.15328722218654,7.5152343444719
3.46895201493404,-8.62148159624691
-7.28967651385929,-7.2187754585861
-9.19523427046897,5.87925016721417
-5.00272930059052,-10.0308180313932
-8.22899359393114,-7.38975095177396
5.83047515482985,1.92407109772372
5.51804357317091,6.30354562854886
7.36369680288608,0.502543915717451
6.05390284275631,4.30212993770541
-9.00256944302247,-2.63052768485467
9.44255614243716,-3.71347284769818
-4.77843443679099,7.83084702960378
8.53047781445938,-6.33309429341195
-5.94822654488292,7.83034219801607
7.29443803703959,-7.10553798603039
5.87356821349021,-8.95662383381119
-2.6589568479747,-10.1553457234525
5.53338922619524,8.36316940209358
-1.75376680048621,9.60022752503457
6.66584617861602,2.08496030545253
7.41581395573722,-0.181721020883292
-9.4895481502468,-6.50633901384674
6.66926953469011,2.59689345380731
8.71478975645142,-5.87885782533962
2.82985944505804,10.5763336545853
5.61578699890836,6.69797161506999
-1.15065039867946,-10.294262326169
-8.5699870891794,-6.41857443059912
13.2356111756018,9.68202687341963
8.83773482692549,-5.40176214803985
8.01735510514581,4.53810610488003
-7.79886179781398,7.35770369587001
1.63843817198749,10.1988620942477
0.562553761793916,11.4225191638963
4.30734260875689,9.21794040886475
6.29175543708801,0.895396394384311
6.03915358852908,-8.52669320613216
5.69968390646406,-8.31353893621326
10.4733035395259,-1.45261365153256
10.2068386876765,-0.37318859210823
8.46445546959914,2.63082417636132
8.72087375109597,0.493130366570362
7.18089076520079,6.04512272445362
-4.84248143872738,-8.69845415908635
-7.47400542509395,6.4276943753078
6.84186479937621,10.2181570885247
9.06812610362698,-4.74414598863653
4.63824762620527,7.40095864861509
5.93171666011339,6.08531614467825
-4.13336821393068,-11.6103457105724
7.06336301890038,-7.42655368491062
-8.55150143983756,5.87226969289248
6.59921811247366,5.57061931219504
5.37893239118394,-6.33597137831538
-5.41765581119937,9.7403435260063
4.17516176979607,-6.59786541853394
5.62060288823887,-6.67764278205043
-5.50750899149755,7.29690933753229
-7.04591699305214,-9.00482214977305
8.71003092079652,-0.871777660991964
3.55742714278104,9.46531599336745
-2.34069046979633,-10.269827290959
-4.87271295739134,-10.9955792526241
8.17922825854477,-1.32223727781505
7.37291896489148,-6.66600740050953
-10.4420323414541,-2.19876366009715
10.2537378625162,1.47467431896089
9.89040267276926,-2.13540652279763
-4.53081346980286,-10.3454760607675
-0.412086966342867,-11.1230768733969
5.53393594779282,9.38537969396303
6.85590847266274,3.54296506193935
10.3726820824141,-0.655091058775296
4.79074228451578,7.21740071525551
11.7491327901928,-3.02741124371583
-10.7987407101658,3.67103949874249
6.82203647687728,9.43762264518094
10.02391451636,3.71271624532551
6.73840728877036,-3.80440570999993
8.31316609407146,3.77043871991143
7.59619940780291,-4.73042718692872
-3.07470703169647,-9.9831353847297
6.5678802674729,6.31413337550074
9.81949559924299,1.36495119338715
1.58987526913871,9.06777120561985
-1.22417954923724,-11.6484269814088
-4.63218343928788,-9.223148146589
-0.649259063905785,-9.56756606062237
-9.2163938797269,-5.03254580487939
8.89513408911986,1.58517326902387
7.27216869081001,0.853342049792507
4.06990502364551,-9.28445899859199
-5.27198467396052,7.47911972975221
8.45974919959739,-0.545307401589419
0.38344908728379,-10.5887806259099
-7.69291248989264,6.96556302448291
8.2277426788905,-7.17767806585633
10.2592036374501,2.07435374785667
3.83974254246845,-8.51531274683075
7.07228208639842,-8.41931269819083
-4.55590495909173,-9.65232567455323
5.12439302822199,-8.78265969727
-6.28336745224778,6.3002407453404
-1.94708770698336,-10.6458960583181
8.62809913450712,-1.53369683683619
8.70647140258141,1.32472265351869
10.4880818931736,-2.76949476848089
-8.43783352158666,5.08680446431269
7.31296810615672,3.10078287144547
-2.37471794249324,-9.65142824767044
5.37644210495314,3.9567386917462
-3.13207757753495,10.7575245337386
1.26407273733404,9.31185134101253
-0.438030909285007,10.2171687249076
-3.9609267775398,-9.49771400641999
-1.71861074758031,10.1339145262644
-5.0480237817155,8.12563348798238
-9.50923678845156,5.22142538564403
16.9413176067351,-3.05318650169919
6.92059411490874,-2.3364714580201
6.29197608731859,-4.66544564271454
-6.76101788481445,-8.80904427364473
-5.68606537924211,8.31940185583681
-4.75283465881991,11.6000731667968
-0.992980721073029,9.67709734787267
9.6318511051314,0.417931885351053
7.45609409695795,5.71902457111017
7.28485089367059,-5.83680962672674
2.51515806868153,10.1735165529189
-2.94917495930724,10.0634945740945
-8.61953470784113,-7.30188284501169
8.99246455651147,-2.74448056547088
6.30880005376531,-7.72684078536241
-9.32376595365837,-6.71105344646083
-8.30586836642921,7.56167402799319
5.13668530606958,3.52069649705916
3.61166485088363,9.05115886925109
5.97103987984327,2.40460663150237
4.60129315574632,-9.72630686302885
-8.7937683354366,-5.28272776754908
-3.50665202121404,-10.5425429080828
6.38493172183385,-6.33369445298443
9.86315053916737,-0.0244228579309838
-1.45615469292153,9.77825405279128
10.3641121763243,-3.36324466677771
2.85801270555688,-11.7904424694207
2.32468863875232,-8.36821757719478
-6.59056125091053,8.70016967868247
-2.74353284566382,-9.42734939462998
10.2505216345874,-1.88192827220192
6.7815657545413,8.30360508469351
6.90355550302522,-9.04596947123534
7.87470552965945,-2.10837050259761
2.84296419157997,9.90701301310637
9.69110804717707,2.05234684694606
9.24579313978917,2.09858303501396
0.157608025736322,9.99854387117793
1.60129746715028,8.60761143929273
9.22532245438614,-1.09115940791514
6.61374226378096,8.42946223052917
7.54647608386653,4.81573858652643
-7.62378564365836,-7.11372086928661
8.09555009796424,-3.9987693100121
7.33302880206735,-3.30565969631089
4.14437482227727,7.70421989188309
10.0203669930089,-0.929458573219725
7.65549352199823,-1.22127689273586
1.85814956333819,-10.9551190197462
3.3104332379122,9.59856502178993
-0.770478435933842,9.11516620330528
-6.93505797605618,8.28243171491984
4.17625650195793,8.53606323590171
7.54722998016485,7.23223812571803
5.26184302726692,-8.05038564627561
8.12561350648841,-3.61517584689408
9.54748580038217,-4.74723240237522
5.25342715725116,-6.69347101451399
-1.63787611434471,10.7764796173334
-0.155240744854844,-10.9564526251054
10.0455295884955,-1.42793230730692
9.45470969464781,4.45071575173792
4.20323476135108,8.93126848767901
8.93926753344552,8.77898888705663
5.29471737602671,-9.85363279129694
7.86786562157569,3.14920483673236
7.56610556295469,-7.60203068971849
14.2192332102236,1.58987670501226
4.09520689373949,-9.85911783835826
-5.34357265487018,-10.0699891401604
6.79708784890556,-5.1875424151924
-5.96938550923738,9.28941582761803
0.0248558378602453,10.7919065179674
-5.20971216239102,-9.34625352350604
-2.27777909458835,-10.9389836584115
-12.3023640884269,-3.68203073779792
9.42338654228517,3.26879388623384
-3.62003634454317,-10.1150477682877
9.23571534267508,0.218756909693775
8.01939334818537,2.76922770512078
0.0604883536519317,-9.55986619039768
7.01423259541585,1.71734616656357
-8.26155490626624,5.41823734849666
5.19712596794515,5.5142850985953
-0.0494637471114732,10.2347936063468
8.93829060959313,1.03856365422553
8.24580625552251,-2.93090426945708
4.58974818685848,4.64472179125812
6.78768956844319,-2.63982455762319
6.45275140664881,1.68901193420333
-8.05418816654378,7.82345068784751
3.03590546237474,-7.51134351474098
0.593187491251147,-10.8626081268122
10.2735722286185,1.01369927854039
7.30650339443589,6.8936794790698
2.61196020373013,11.0415779115734
6.20637373819777,-3.5890329562926
