-5.10221520727478
-9.9671802274632
7.36928494790281
-7.1119675130008
-2.2226208734827
3.15143346278653
-6.33295993294618
-7.66683480508768
3.91965839726828
-6.28565672491162
1.79012458830592
4.26263712318508
-8.64014271456849
-4.98678679084935
4.91870027619898
2.70216380782465
-4.5838942253643
3.76621750111384
-2.73450231847404
18.1587379197545
-4.36317333264835
-3.67662825170926
4.77040186304182
-9.19177433823134
11.5326276600474
-2.68288635307016
-7.76426142927374
-1.79973371878153
-8.32469195533702
3.47959929511707
-1.85687977570228
5.71673041653722
4.90150934680896
-7.81980573133192
-6.13498342374629
8.28994564587383
3.97705440033238
-4.68362100396915
5.07197351072145
-5.8690104901482
3.2077686948186
3.94228349161402
-4.17185228246934
-5.46168779297026
3.6162837744494
-6.60449242870344
3.64109023740397
-1.46154713841099
-4.2309965679974
4.28896495707459
-8.08763419340506
-1.81786440617979
-5.92687931715748
-8.50087976991995
6.75946000922227
-3.38123926322133
-10.5108808151143
-1.26562590511975
3.77843641995897
2.85577677054588
-7.08037139751516
5.99039391064731
-3.22558260322058
-7.00567503745436
-4.27530549052102
0.00686236089391619
1.93927381408632
-2.99677397162722
-1.88769260504572
2.70994432986286
-1.02644271446187
1.73497560640842
-3.18135851547212
-4.84998994452212
-5.00830373184604
2.28980980923304
-5.14516229336217
10.5126581243888
3.54774697756818
2.71938310796724
-2.84825363552074
-7.21569284896878
-2.98049891698872
-1.09947804408667
-3.2604645907708
-6.92082477352063
-1.9648156438962
-2.32786859452632
-0.420058043128586
4.59407356054494
-1.08779526834783
-5.34919458922954
-3.86803202225442
-3.0920112665753
-5.53587367865219
6.06247719081464
1.83967654925333
-7.87681029445659
-2.19355528244943
-6.19733941006043
-4.57137150459699
2.57288955938508
-6.69030839338818
-10.0609989795221
1.65645788396909
21.637787382328
-2.59967802019445
3.27657807358761
-7.23446061240697
-6.86206004604084
-0.945258130846484
-8.15375725631029
-0.206941841558921
2.30984209328191
9.98012319803525
-12.1385779968637
13.1440495029767
4.97727793620083
-9.27068621570365
4.30022520374018
-9.45181187240821
-8.33065302569898
-11.7096575984598
-3.24533289202864
-7.64874391134795
-2.59904800221691
-2.94005976553231
-7.35668078127234
17.9573690715259
-9.84783370225123
15.4310563805277
-8.72524402850625
-5.19166076819454
-1.16703822898542
-3.78484467704293
-8.66380991608597
-2.90669641055098
-6.80905729345235
11.4909522481301
4.05094496428687
-12.2462241225584
3.47267134342577
5.7601463326847
3.02669734934522
4.08133330603091
13.6522424096873
-1.19345983262971
4.47736417154283
-5.38128266618267
2.59697188293408
-5.84681474485184
-4.28841793580893
3.56606300027656
-8.13468590444423
-2.81202438521794
4.06891037758457
5.08473385794393
-3.99399667359336
-1.99597962200856
-9.11102773637818
-8.37470870612282
2.92221461494794
-8.53354847195617
-5.68572338848226
-5.85341749331072
-9.90966023240163
1.72486013536956
4.02432538564105
-4.84005111408648
1.55686756925819
3.37809986181245
-7.94005571991827
2.44799627992251
-3.48856743069958
5.19907630519317
-8.01138654014149
7.70489341345723
-2.92150420407541
-2.54721363220208
-3.60597162360198
-7.92422744955943
13.0817402107864
5.16366600716654
-1.04833547050298
-11.881553181103
4.32596221309762
4.71372830823965
2.11407024505794
3.81021814085292
-8.17336883822326
-4.13248308865056
3.97583759586373
6.93941247013013
-2.8734123891099
3.21942432842423
-1.11551345358299
1.89349164045949
-2.0654075222063
2.9000508235077
-1.03244764475346
-2.9650732898446
-0.462573600659966
4.21790296736304
3.05080157223504
-6.96911884748065
-6.84567560323199
-6.43021984796909
7.00937872585695
-4.07976993889656
-1.98157231770279
-8.20044847502945
-6.3428358096569
-3.4152401735265
-5.63102588835603
-1.20644932619633
-2.34784112640686
-2.16161003808855
-4.48672503038836
3.08059946057362
3.84884294556495
-2.74440876952297
6.13448717025847
-7.31365192349388
-5.89893612118779
-7.59932586748818
-5.77420034616883
-1.38667011205594
2.02233596261986
-1.41278327319157
-7.54145524353657
7.95575693060789
-7.55945894340776
-6.79246056500371
-4.34973355324284
-4.97593600742657
4.23665827793681
4.40622498040411
-7.74612071326506
-6.36286662012018
-5.36393863599936
-1.70297241700202
-8.24766431080285
6.07412905854094
-13.5755435972412
-8.21060965495165
-5.30701253621413
4.0115118620793
-0.613021873596029
-4.52408610366984
-1.22423164266212
-2.84346960356255
-2.03561744686563
2.19003546273526
-3.52364672203036
-2.74898009554908
3.16604598048563
4.24733249102236
-0.634397480229726
-1.76297296491765
2.62214314915046
-7.83788946806837
3.95579546040452
-3.29834107955686
-5.98099837150671
2.00599780547964
-7.06192028061302
-6.31470638518311
-2.02292863185845
2.25682499793934
-8.31341580308463
-2.33175491451623
3.39148901671379
-1.27052933185094
-7.10943574904086
-6.40032686500004
-3.35854533326147
-3.37680053114254
1.77289986645078
-3.04795630947174
-3.11342094376078
-4.95744757291005
-3.9795004635704
-1.39764036533393
-9.06889468248758
-2.50086004390014
-8.82265333616913
-4.54032113570665
-0.970264090396045
3.88156315769462
-7.47520691543832
-5.39824292578539
-2.4968812366228
-3.10739916927961
-0.81360061885478
13.9424854571657
-0.133155289609906
-7.46364487661868
-7.03740776000434
-3.83058300935095
-10.1096498897299
-2.29080566679314
4.34258019830435
-7.4077643779582
-5.69725539548641
3.57411534626414
6.00320707416474
-3.80637041151545
-6.09856190944288
-4.10990318839588
16.7858162293248
3.44721604578985
-2.04601229043914
1.98658289109341
-5.25126048103492
-1.24539439390104
-6.65779682090995
-2.63119120564248
2.76594557713126
9.59221388161156
4.1794083583976
-2.88051201320115
4.35451383434333
3.18071049867712
-4.94299825740781
-3.75173583177297
-3.55832427152241
11.8677533330089
12.4138378586478
3.68728358202961
2.44233849998447
-4.87324560132582
-6.50024744005713
-2.53294023282992
4.85262091721489
4.13330179405755
3.30213168314074
-5.05941524477037
-2.70376279059592
2.04195913505685
-5.5819130027577
-6.09051577361604
-7.02176383488892
-2.80355471104403
-0.380904427171847
-7.25512223870355
-3.72387432372945
-5.27522445334626
2.34457253249516
2.51600596664193
-6.8732056340236
-1.92788589628658
-5.64743166476167
-1.69248343197426
-1.60796851155117
0.700020304172875
-4.76403333588507
2.11834437443489
-4.59594777193042
3.74696765757669
4.82828428437891
-2.10151257409919
-6.64521720071837
-1.72250803215185
-0.158355349934624
3.00001391703663
-4.3805901570142
-3.30921849572118
1.87003655522475
10.1147285375365
2.78805863124675
-6.09542499038224
-3.92615132391766
13.3595573518479
-4.80892855691552
-7.42735006352545
-7.77505278732014
2.0603444741869
3.62708579425935
-7.44558856686298
-5.51721962583529
-3.881050415599
-3.6120522136048
-1.92085110406225
2.21679697305178
-9.14169363158691
2.66282087845916
-9.0111470453991
-9.00484792463191
-3.9345753446118
-7.60983914489238
3.42411686802899
-6.7487891434197
-4.31667709183464
2.36683516742465
10.0454060204919
-5.48773374797918
-9.57863710797717
5.02350073718163
-5.18081762914769
-7.37133826550533
7.88151862474591
-9.40177604602535
3.23305093968742
-6.41387702282463
4.44800548135942
-5.94325234300573
-0.491830812313079
11.2402515214646
-2.24730997474346
4.73542447665269
-5.41103681425755
-4.34246199207568
6.35331785119755
-9.34726025444249
-3.02185172909788
-2.52620871710277
8.92506521621823
-0.694605478524801
-4.7750511810069
5.21799402330686
-6.77707617810238
-6.5647130411783
4.46339050406495
2.893091226807
-5.31452603757803
1.0835432618135
-7.49967240244433
10.5341457280203
-8.4278354747443
-3.76971319414683
-6.23612770954098
-5.04896631830377
-2.77338639815002
-6.16334681811532
-2.19230982594563
-6.5228431606473
-2.28365791752801
-7.39545089611875
-0.923412788496877
13.283669751743
14.8988722998831
4.74600093448388
-8.91381944162648
-6.60425628165044
4.99789415199159
2.95342383213846
-3.85215869974935
-0.831329876228485
-3.16366727825179
-4.06070671136533
21.204217793554
-6.11486737483378
5.82663041243319
-5.16064178088626
-5.29267276314171
1.80230572302356
-3.67871249062691
-3.18733528009505
-1.17792762123945
3.80560570494835
-2.65783646649771
4.15068236102865
-7.52374159074027
6.20906679996071
-6.76715994169626
-0.890811656629951
-3.42730230052788
-0.984273050034493
2.35293162427867
-4.81810748822512
-10.2918713116399
-7.32379098066379
-3.13613384467718
-3.39756279844485
4.16302091869161
-7.27967538704567
-3.58197454214777
9.83112233686734
-5.04630364132892
-1.93737656033561
3.91662244425157
-6.0780904043434
3.86827365819462
-3.71639425633794
-1.53422077083876
3.72804353079721
-3.95957586294272
3.34543644463409
-4.19970628979781
-4.7191456638624
-3.4796039078355
18.9712768319729
-4.02393269225799
-3.04367597515725
-1.48598462953748
3.27117458615304
-5.97189295791547
-7.69578737458581
-1.74755917827916
-4.89702593933056
-6.03561255593109
3.09338322528271
2.54348343170999
-4.93073078887782
-2.09489352848619
-8.9466852738015
-7.73094674317946
3.60528057086544
6.50300525261161
-5.80943538268358
-0.712943887599998
-8.04469016093617
10.8830361907493
-3.19064500283565
20.125962348981
-4.67200084836522
4.79326756329015
3.67809384588018
-3.44298366603274
3.14269494665704
-0.507353668240387
-1.00097701109461
12.7513009819629
-10.4481067579175
-8.05159911789038
-0.602143745933821
-1.55236161790977
7.47965709891387
2.60446220063567
4.9682006540877
3.70033712155142
-6.55402569429007
-6.02294136711412
2.51277664334152
-4.04642251825204
-7.20966246812731
4.61171248411349
3.65548367718113
2.77976270055794
-4.99015222367039
-2.89903367943505
4.41991036342833
2.09010242087243
-4.18223599309163
-8.71596050742015
5.39579570783767
-8.45552139641801
3.49673968471479
11.6129645991878
2.42223651560239
3.50860836344054
4.66025715418577
-4.75832656354701
-3.31430759406625
-7.15937104863989
-2.58996324213102
2.66275000842156
-7.28816097948267
8.83247565484622
-5.56888617412582
-4.61518120095756
-3.67654815531804
1.92294046361864
-13.6767713781371
-5.54540672540511
10.8088975470092
2.13558021583631
-6.94671396201269
4.38487060665376
-7.60150593692444
-6.4701193745845
-1.47648866279359
-7.13558174803718
-2.45037078576564
-3.32575146196483
-7.06904295525018
2.20661333862434
-6.90612792931055
-6.82819193048898
-8.07015231480947
-3.63977531493835
-7.16666108242218
3.35777322249738
-4.15647255322969
4.56218793034165
-4.21493832058619
-1.7796738327404
2.38880152468125
-3.12899075875514
-8.92931826352265
-1.84638768428598
-1.58588086727318
-6.7268068904395
-2.33250724499933
-2.17284083984667
-5.61500912269164
1.7510521843752
-5.47562920215265
1.67395918820956
-5.82410873313354
-4.12052947851814
-6.62786189134419
3.04075674529107
3.11768712985793
-5.44026810611164
-3.90900158381479
-1.56514172811508
-4.42665871051382
-4.09170019515278
1.54198473261326
-3.46240268067874
-9.61128542307424
-1.42488608147534
-8.15004716074068
-2.67126719514139
-2.37986748675992
3.25225602534131
2.80173987006595
6.28501347317428
2.07106835005253
-0.328767663082929
-5.7350448364157
-6.29572197977635
-7.85131395658406
-3.56198573143644
-5.33304899373923
-1.51309638948068
-0.393958717741343
-5.2429165516211
2.87020907329302
1.82337799188013
-7.30403011220167
1.50689958543226
-2.44286232692656
-8.78452565598245
-6.46622339205101
2.17458821179699
-5.95488496665877
-5.91399778912032
5.30042929381645
-6.26253708495769
-4.24530842884395
1.59896979914978
-8.39346995817597
-3.00020338338802
2.57125429228608
-4.91348189099718
-7.99695535526623
-1.63510413487605
-2.10547992426785
-4.30771878284026
-8.83909206366606
-8.97882584215032
-7.81563715539235
-7.72626500561798
4.55147025055063
-6.94042043952204
-5.43307663040637
1.95936355954016
-2.08712093699871
4.8187628501176
5.05912724403181
-4.41727086360004
-6.23602183999625
-1.84483398147847
-5.21586482816864
-4.63446419351479
-1.14527272710888
-0.219219279385594
5.56921821782634
-8.2586945571852
-3.53521630495442
-5.22058941435445
-1.73778283212964
-4.88613973594301
-1.07641512154659
-7.80093951049214
4.31742061548336
-2.1321057193738
21.6648867335074
4.6794298521374
-5.59332825013926
-1.35302462467954
-2.78560830557101
-6.43909795554152
-8.26335201555614
-5.50350375234718
10.1631339648858
-8.76505910962385
-6.18778788732023
-1.44844706787024
-5.99842843839606
3.40799653028199
-1.36989952966187
-6.14450351674103
-5.10721996832264
5.90582574452213
2.53192689398179
-0.280655645534954
-4.50669973635145
3.83196766700143
6.41494965775993
2.46398842816171
-9.16737750888659
-5.75116212619282
-4.73678744803733
-1.65340283405024
3.31881686463026
4.53611417079649
2.9399796625023
-1.29226229019307
-8.28371947631688
-1.62550862491394
2.96523603769721
2.23490024885525
-9.67700199986831
-6.54488194735649
-2.72043870640779
-7.17717532384798
2.15721145703097
-0.909612962140494
1.70630546103781
-8.96117465101398
-10.924846489236
-5.76418070462206
-4.39323449924253
-6.67544445800581
-7.5025455885001
4.15516548864696
-5.6642016704295
-6.21970724792303
-3.97256402700126
3.07202403817583
-4.2577647764735
-4.44403856403707
2.64028204158954
-4.55968689494939
-2.38129130134796
0.539272154291072
-3.22702311917295
-1.29914111405807
2.41209111786939
11.9437690944068
-3.81844274333686
-11.8968201771436
17.6929679314643
-7.9841068476986
-1.504290446782
-2.39732416278581
2.98965704755998
-5.13218691085872
-5.71379798946683
-2.29933919880763
2.27042505993923
3.5244006177409
2.8362332310942
4.6594679631407
-4.45227582987031
-3.5095159425314
-3.75866008341561
-3.61762900487244
-4.0118435912231
8.25985002068327
-2.62486716268011
-2.46186364229732
-1.98627146005682
10.6441955761225
8.12299312669944
-5.0835911901303
-1.35945752842937
-6.71441712950069
-4.66176440385594
-8.10426918135824
-8.33596113240338
-3.32488948659576
2.72365160415488
2.46895997914368
-6.49331298644013
-8.13164367142065
4.68059318861098
-1.31130732490005
-4.65451175641124
-7.63241195059576
19.8247823888788
-1.81536672735727
-3.89378043254043
6.84651021008971
-1.88444752457791
2.82065981758042
-4.47365206333871
-5.88130476501516
0.0233309611644119
-4.7025246301231
-2.40773478792544
3.33089713841797
-5.78818503020614
-6.37600508565871
17.7268129527777
-7.6987816451852
14.3013320963055
-3.04758793624208
-12.2224995499399
5.52503278110705
9.96717097152052
-11.5657301706776
8.5552050705289
8.84318817397379
-10.5197823971053
-9.07488295674569
5.49400642230278
6.31148648533878
5.51634537468201
14.0111852562054
11.6832648097054
-11.4947774722516
11.3159190789937
7.45027938379117
-11.1847582596952
5.85395486836003
-11.4249360862117
0.0937625472934975
-0.114739309786247
8.62834102578905
9.53222055905323
-11.0944539867283
11.3899765818196
-10.974895501144
0.467362556198225
-12.5378413352268
-14.0233552646343
8.44667153933616
-12.0098831143198
11.2206626020734
9.91320375737465
0.924773652577652
5.67311290312206
7.38446679378331
7.51492959236691
12.262616539725
10.8929544813626
5.1220875991691
7.46834396467483
9.09599132736287
-12.0631892725781
13.4797409421418
8.33596104578336
-9.5280297416977
7.14318941703593
0.754223877722803
19.4571932185328
11.4277435802019
17.4436439552314
6.15089649391026
0.296275273178768
9.49233377297149
7.04074737682163
-11.5871453476781
11.9883793753514
-0.76887024327917
11.6553150763355
8.71497251806743
-11.4112679255157
9.17521521650416
-11.2117497770028
1.23864143272183
-9.36524198967858
8.31307313689221
9.15922985684537
1.27057656369267
9.43873759235516
10.3625144784761
0.555270231077018
7.83555252753562
-9.76964297361546
-11.4395693788137
-9.79758226729314
10.4955840580301
11.152541539952
11.1667261016924
10.6944736512687
9.36077710517075
-0.263131821366445
-0.859458722549813
-11.7507996583003
8.09354351943326
0.361921296155097
-9.86251816036162
5.50105387954125
-0.308481934419417
-8.99576194413698
12.4370383924809
-9.70907103597047
-12.6053792691051
-11.2523696789138
-13.2891365841322
8.49536011835516
10.9843558152509
17.8930569598948
-13.930386939286
-10.7527747941536
-11.456518074165
12.536831836251
5.33105697912312
-13.3977110372816
10.5491335116614
12.9082930957852
-11.834913109242
-12.9737399629931
6.7885125426578
-11.3564811750637
1.42149225914323
0.735980915887326
-14.3380515398414
5.36553964754023
10.9590444165899
11.0065904100038
8.69402645293802
7.10719460297714
7.41803717199503
1.0521540204857
10.7089382496613
-11.3263647301026
1.58350198034028
-11.1653293926552
0.430268405670455
-12.108721502572
1.37758985782367
-12.1573853314866
-12.4173655769475
9.00087310577837
-10.89247813203
7.55431735586717
-12.9375611495921
-9.02626138240683
-0.561821121544093
-9.8253385322629
-13.6037086660989
-10.6063007382186
12.8486018428389
9.30450022351077
7.60966572575549
10.1569033834765
8.21395874668063
12.9609751990115
9.02415018953015
11.0372836931669
8.67177893584256
4.20691565931169
5.23557263050494
-11.6080268129474
7.84031464408089
1.3194509212791
-12.6394917750159
9.79077200024675
-11.5240307738907
6.95337627400769
8.20258826739938
11.8319967638448
-10.8745490871798
5.57974382282652
-0.748626579325012
14.7181566277351
13.3362254142939
12.0017423554081
-9.2160676239741
-6.88756182094644
12.6897034973408
13.869711364632
9.77327744690668
-9.88641079548699
10.6940285429532
9.87201291487743
-14.1168116714659
6.83278670831305
-10.321518324778
7.58168542711103
1.11822547654328
10.9397213380005
1.13514910013317
12.6248233168407
11.7683111846425
-11.47554169836
8.69010192356538
5.93423769047823
1.61581207458115
7.49622274931951
10.8320298783097
6.65995974643885
7.1589386333269
5.73681572785926
5.37323788672186
12.1893798156683
13.7695166127175
12.728002022444
5.40512865665843
7.73533391782769
1.41237958937253
14.7611419269798
-10.7159855910555
8.30696460866598
1.00144140059863
6.03437751954331
10.4197218886416
7.2194289536894
10.1860183855424
-14.1915896565202
0.878666421853861
-12.4092984817244
9.20479288892326
-10.3127400035053
1.99722905850353
-10.6387015782181
-11.2703332993659
-10.0748608510484
-9.30312389141491
0.785857578850975
4.88683304020149
-0.0259345693471249
9.10667196581069
11.4064560750864
8.52390251244871
-9.43417938219428
12.0425620843935
-10.3483867248437
6.36923717115601
-12.3214058769842
-10.7018996955289
9.31355493558105
10.7910737798116
-0.542800922983378
-8.60408219418503
11.7358973820355
8.72836925357284
1.46594676507061
-10.0963279067598
-10.9110121824219
14.0373074881951
11.0188302349984
-11.119285230049
1.06908160510019
1.6395153227524
0.521238044533564
-11.9403121389005
13.2403842274878
-13.727850453021
-13.2452725058003
-8.74806783167997
7.92167332729683
9.84543665967116
-10.5740516952069
-7.91017480957452
1.21898614865683
-9.25623986506604
5.18824850717745
1.36354364042307
17.5612394696121
10.0137064106925
10.0951953251376
0.63938718116407
-10.4630405287033
8.74276377949772
1.34130619481281
10.2998071173422
-12.8921983928959
-0.0931797409075219
11.8522208344065
-13.213026860455
11.4830294703271
0.35119119519385
5.42089434954258
12.8772194808183
-0.0464206646583307
14.0812907286361
10.0541801354995
7.34051594119224
-11.6426409229376
-8.67825467260493
-0.0104956667960207
9.6361824898288
-9.64944835968932
-10.79355535435
-12.9186164945218
9.16116536164091
-10.1438624183779
-13.9100016044279
-12.8032582046987
20.1631442829165
11.4534879301215
10.8536487099067
10.746913872064
0.338471926173016
-11.6815120374503
-10.2479261731359
6.55141215133605
-12.4296388552481
10.2282627511973
6.57044402820288
11.9605076827623
-13.3227407277759
-13.4910068627334
-10.7680463539455
5.44050892371366
7.07608997824034
0.450345513048776
1.39911323199521
13.7050469917994
7.67246802594298
-9.28959893244607
-10.9431937136769
-0.294485945562756
4.15694172031762
12.3533927916567
-9.46557683867972
8.14918561417955
-10.6527535182933
8.23580230418582
-12.958712395167
-0.244084060927066
8.04646261048022
6.5987616711497
9.12927962748246
-12.3301404423232
8.27430781226227
4.51864252259597
-9.25756728297019
0.83776918048983
11.7053858661915
7.5372948471625
10.9288706387479
12.6074397939813
7.28286295600751
-9.81057137533278
-13.0778406536736
15.4627042056658
9.68392234347506
7.02855727676818
7.42292956057843
-12.4835699961454
-9.72283836769048
9.61948628104633
-12.727660104389
-10.8349411466748
-7.88712457349565
4.92425690502462
1.28958178592806
12.2432167901029
1.10018531953009
18.8065017646539
9.89392721742064
6.11751600694968
-14.0585376567772
-10.4847788502273
-13.176460984203
9.93803809984383
-0.577662428070819
4.85464101218239
-10.990961441523
6.33191342231962
-11.8431052997184
9.22799955427353
8.00120443863956
1.85214478014514
5.94789460060725
1.30969624020616
4.00811058209775
11.6667191946672
12.0853563721084
1.56329800832482
8.7908128137517
6.64513516076934
7.99205281748004
-10.4090163243854
12.7765053334097
14.2355427046829
-11.1506798815596
-12.0766536975043
-12.8937208856936
15.6592487105424
12.0213587547508
-12.7456753169266
-11.6966337738531
0.48174615453513
6.2551323909392
1.9127423146763
9.34547689815579
-14.2316451164271
7.90433360115927
-13.8136761942148
-14.1519261815636
-6.98735664959429
10.4260493605487
16.0027479900686
0.255683955356036
-10.6099435683978
6.43879555180585
6.88767553601893
-11.8123332698249
9.26769605312995
8.05280145837811
8.43141505782751
-12.4488699951955
9.21314398911344
12.5751699288868
7.21150747341372
12.1465065259098
13.224398928047
2.30884223719853
9.27312984794686
6.9767796469152
8.35554575847404
7.18962167271915
-13.4635407805395
5.61176809864458
12.1761802894254
22.0574530754832
0.314783843252521
1.19836829224546
8.98233720594795
10.4593815997572
-0.763990087360014
10.2692983010167
0.945722558863071
-8.86628005397905
11.2545391056829
7.32282654115801
12.5355781450996
4.59512371398327
-11.0468942729127
9.42899855942884
-9.93827612745981
-8.00532172243062
0.182876127366047
-11.0596791559703
0.384746324503897
-13.3644383249509
-9.98698573516794
-12.7891059771801
-0.728010579679161
-13.1428386043901
0.804708413393884
6.93148281307296
9.0052320168766
5.53017931976097
11.7864171828668
-11.6659190595773
11.9290439178768
9.47307887684029
-10.5428638528138
0.972270357565662
-0.196311873310359
-9.43392689857554
6.73384012049402
-9.60038800493528
8.96120559713225
10.2887692825659
-11.7345938958764
7.86441869466802
-0.521936478072831
5.81881731545659
0.277669064132731
6.90772395378346
9.10011326097477
10.7612280712728
-12.2888295186165
11.7272201184048
1.18810665919134
0.264485267039165
-9.56453770329546
5.84195027704035
7.65216060964233
-13.0954282640652
6.10314169386112
-10.1493614858416
-8.49777307219377
-11.9559782624496
6.2777492568574
5.35628841266362
-9.95544116617124
12.4999638466406
-8.5487163654546
-0.414478967574949
6.70836773055783
-10.0435763783241
9.67935936855643
6.2401930041859
-9.19420893421328
12.0683997625572
0.164475422324362
9.38380074513077
19.1781396845013
-8.58789530101761
5.66207159648531
11.8877987607077
-10.2397861385911
-11.3421362849589
-0.179092290919895
10.3954955996355
-13.4854187852123
-11.7721438935623
0.199476555863412
9.57643940844796
-8.42859590992246
11.0713036580583
7.58068046542848
-10.0205189062353
4.76787189919122
-12.021509629987
-12.9949248826017
11.5916088012477
11.5486344350248
11.8081201421653
1.48374616329168
-13.7091544384998
10.5692447270393
-11.9166666858575
-12.669269433034
11.9043464806323
8.3983194850335
7.11706206715311
9.65053504917914
7.97482413270754
19.6212081104021
-10.7291984963653
12.9976400265186
-13.770680061659
-12.8318741519111
-9.5472120998658
0.130236047852428
8.37194813852755
14.66782901352
11.2901960099594
9.93212111257316
0.228211530339164
-12.5534184128299
9.76101871807279
-11.5582756755796
-9.74071487711586
7.78446823855558
5.148997603712
8.9532777683027
19.7648345348363
-1.66052600510884
12.3753667271535
8.53884355410494
6.69590887493213
10.3841369865425
11.5595115621298
6.15953724053953
7.1701161127823
12.3117338103979
10.459023639381
7.36135536049608
11.1881971179448
21.0476333699675
5.59371016679352
-10.0023914425774
8.47866992010676
12.2220797088161
-10.826231231144
8.87922034316888
-10.8868647670525
-8.89747188316027
6.99053325839283
12.9312345305948
12.2857059999371
-11.0062982019141
12.4740905013238
5.7485132893963
10.6127557835656
9.80932512511161
-11.0785697261724
10.864296412323
-0.680845974685992
-13.0152318178998
18.0070317200306
-0.359695570001927
1.25481523387169
5.45898678378606
-10.3889034696866
-11.8029454044351
-13.6253243491804
9.74134455000956
-0.79443838882085
10.3448799627553
-0.444409921678609
7.68982103353388
-10.2654850592435
-11.0249905884129
10.1370296070576
-13.4237602050776
-13.060840781433
-0.146933109778184
5.27938552171932
0.401269846401052
1.02726743486915
0.415492420297612
0.151166258750604
6.60549162941078
1.46059672778069
7.80709768359925
-11.6538672245557
-12.7124791668896
-12.2039752284679
9.2884195275377
7.71697657523559
-0.874531133282345
0.505680073443431
12.2755236430881
0.572618212834554
1.17720957496156
11.3391985146253
5.62244421364523
-11.963786338008
-12.2779395880541
17.3934120441447
-12.1651836090098
5.63313900331711
9.71721661589886
9.4567239214057
12.3252034800771
8.90125523929143
-0.0622033581289521
-12.1842473051925
-11.5080553200602
9.50600428871104
7.79485058257011
1.15122898219608
0.914733332081148
6.32102414202009
-10.3816892006838
7.30911201056785
13.6662245613923
0.585099395980904
6.62980484510717
5.31589932298667
13.3803284371035
-11.9914410885971
8.60330268799633
5.28924003947242
-9.48664673071184
11.0974243343108
-8.56773821817216
-9.69188990801936
6.51432230882375
-13.7486156851374
0.858401341297249
8.41248731203848
-12.2546795743034
-14.2627562326916
-0.65975316405239
-11.3852157910946
7.06190676213445
8.20334085046898
6.77630356173057
-13.473830621906
-13.3112393751659
11.5139854369551
0.826479361973426
8.51205740541692
6.67343426137448
13.5163146641808
12.1212848829882
13.0555478535165
10.6705509094526
-9.05229639414989
5.10812893283591
-10.1853756519221
-12.0503444178368
5.78241294811108
6.40316209826617
6.54029915893226
12.7035442669731
-11.3009468381714
-10.1661919133475
1.6914948304446
5.00387965339061
-1.12677917860678
-11.1415254082849
6.4568914581674
0.111049187004921
-12.3554141633391
8.77941942532994
-13.1301431567063
9.72904824179079
-10.2306164332431
10.7819186844476
-12.3841713649216
-11.8530900629225
6.01749779887959
-12.6519748488553
0.777377107324301
0.669404615766925
11.1068306361096
7.22683777181309
1.01225061264768
-10.5578897660744
0.615349324091037
11.5705928786072
6.75062527036445
8.64957190370926
-11.2862831608874
8.61525310907547
7.24718935803266
10.0753135556227
18.3094271342348
-8.6830535687661
-9.12506174274198
-13.2010360355247
8.02581133243622
13.5970023279311
7.64346843815329
5.69938796959021
6.1823147525516
0.0577478975417637
9.54666213433212
9.37896333388793
-13.5459753232184
0.0770810831314177
-11.2296734903911
12.1034142297787
11.3626475116387
0.722847094263084
7.93336575763365
-0.476443129189577
-12.6955327330454
-10.6741262758742
-13.1820704266034
-9.8812368874435
0.898164751004096
7.77352919577787
11.1364214661768
-14.4214746930373
-9.31966754578992
10.3215479368319
-10.3540469856841
5.99647685219564
11.2984647364958
12.3995453779777
-0.845187388467288
9.04535292707456
6.22260651329319
5.91312129478353
8.0952643142587
5.96538873650224
0.70965355371015
11.065139368169
5.0455964883281
-11.3721265046008
-2.57477617660926
-9.36446543641538
6.86739434219981
6.80125911498099
-0.0762627986680523
-13.2656758410065
8.57107318957945
6.46986067616081
9.99420889813477
8.13123991635014
10.2068878310503
-10.7711976353544
-0.956966745817928
-2.42405683526747
-9.51276984759361
10.5781455450241
-13.0296182010116
7.629546789929
9.56161322249581
8.93163890969139
13.9232143191577
-13.5430827952307
0.983081044674184
-12.7589307653601
15.5896574731131
-12.5794849492174
-13.6601180795282
-9.64220843213034
10.6250516976144
10.2451772102413
-12.4907687922219
-13.3763485947522
13.9733998474507
6.48320486349011
-12.5423586920218
0.600597380079321
0.215295392309514
-10.2052039182459
0.65514675848104
7.26618829755015
4.49490228444251
8.85904060178462
-0.347225292410125
-0.648236454964163
1.51994985979104
-8.8034285141414
0.0403755808765444
11.264071560935
-8.46873562747975
-12.8371325904541
8.10926034231474
8.76341103607715
12.4430686726406
-8.58897392523156
