4.50225106111629,4.57315469447536,-4.63037615698584,-5.08137412302917,0.829486843533239
-0.378860472217012,0.944194003852454,-8.92142042968431,-0.245775483307801,0.29076070087409
-4.48258619119433,-7.28384182426597,-3.79554082776323,0.991186051564694,-1.96175481790171
-0.286219679698294,4.27284766929057,-0.099911949805757,-5.5209169492539,-6.39519354040229
-0.160031533567981,0.0996342054939454,5.86476724344863,-5.76929529134007,4.95626713604431
0.752678177151989,-6.22492726746541,4.73598972369245,-2.32596041290138,4.69054196133807
3.84970647272901,1.95950305033456,1.89955668164587,2.25170407840951,7.52564516304101
4.47068493987828,-0.0222545154023356,3.7644558157916,6.38418328269222,-0.31085379447139
3.11236055815546,-4.31927669121806,-5.09017930294086,0.166662410200148,-4.56332804890052
-0.15388344650348,-1.92537624706576,5.33385712509437,2.62781379172173,6.92191397736864
-3.13981869285756,-0.215488200323526,-6.30022194301996,5.78553233849068,-0.605586254842765
6.73572093336919,-1.7403334383412,-6.94223029042819,0.782136606665958,-5.62743472361701
-4.25557327006836,1.91368639155554,-6.39861165509549,-0.050910139776702,-6.0292311163363
-2.936689821446,6.75826597490585,-1.68441516276194,4.40530863783955,3.49393450407677
-2.09196789121996,-1.00850721355825,-7.01380378310046,-4.76588092927624,4.37034007387514
0.675956820386183,-8.39748935494883,-3.46973853630084,0.878657063960375,0.469055624961044
5.64028372512692,4.75534286625361,1.71653636951751,3.43341150255464,4.10336045806792
-3.60626868727466,-5.59237740307183,5.60522232111917,-0.210729467304737,-2.03967239926367
-2.25140477295308,4.02288315593501,-4.26706074880395,-7.03299270703342,-0.445251409699586
0.772445980066774,1.83164050435362,8.32647681716792,-1.25047566357523,-0.566135165772542
4.38485108162685,0.231244917983312,0.65572788811111,-5.48024420375596,4.27070341296934
-3.70448369743448,0.850621119468172,-6.55492228299734,2.04002825237576,5.3682943264872
-0.218802089847192,-2.83799520004984,-3.91537961584441,-8.2565093874442,0.290941275138272
-1.38987643942808,4.29206971332896,1.12511248199885,-1.02765657174732,-8.12435584373629
-0.936844715661762,-5.18178488826024,-1.85305338729598,-4.4912305472593,6.7492098974056
-0.580104181724992,5.8084796049486,4.59008377775875,5.72528928696472,0.682638538648774
0.487153556776674,1.08509374098423,7.00698050002275,2.05283442733767,-4.93768654118772
2.14985502791582,4.06962701209194,-4.14934670254728,7.00598018551755,-1.76001335450363
-2.68499695014842,5.94527757853952,3.29478991893594,6.57158537372229,-3.57875432821796
-1.21428376328097,-4.64315569467568,8.2939401193668,-0.0747375574682821,-0.257190422037387
-3.71530856003618,5.74313510218608,-1.99250911003991,6.2471030690774,0.172338551808139
-4.20208562115909,-1.37068551673998,-3.23428593026124,-8.2780105169449,-0.351248145623457
-1.62156591734352,-8.17842687944684,2.32219020990356,2.70046672201347,3.22143058382305
-3.06160454781483,-2.04018750406359,2.33052047666395,7.21506601840202,3.89810600130469
-8.7536290880365,-0.633622961932745,2.37274925117438,-2.08381215486026,-1.78309749953147
-1.72067677018094,-5.8849649352352,-3.37827009885533,0.864524792288023,5.71219836600203
-3.32744883779545,-6.22491783237974,2.93343401739509,-3.53147644770236,-4.0279922158879
-8.6227663012397,-1.67396554166034,-0.197533241834088,-5.13648752595146,1.07732806371123
-1.1538213888685,-5.92723618995128,5.11404169815677,5.73491646106671,1.3971620401064
-6.29677395303831,-1.77323158328922,0.970630758009967,6.24134487003887,2.27172649917422
5.33379994622976,-6.22727771236822,2.08070473339509,-1.20098162051354,3.39220358062603
-4.34305104233672,-3.03815919204627,-7.82186382334352,-0.0463649239127724,-0.506183749858288
0.811790105100022,4.96361560351746,2.68788789762115,7.0056913752588,-2.86860776401196
-3.60291880402873,-0.765651736925466,-9.55612282344658,3.42606330072267,2.06553110846272
5.27021180281976,-2.70202901394442,5.67329975009809,-4.34822977644016,-1.92885516071244
5.4167975713046,3.96069072438548,5.83868970908844,-0.369870991037725,-0.153322188945434
0.794091393337173,-7.66164893124594,-4.25713152618201,0.189503885252144,-2.60274944056336
-4.3286895591009,4.40139283821694,-2.82761722948525,-5.38438585865696,-3.1342235616493
16.0758987247801,-1.35755368180965,-2.87890089596439,0.549452506378431,5.82278182804615
2.66594077376947,-4.35402960585219,-7.50990164795396,2.02897631461416,2.89518528179069
11.7887435994599,-2.07344129021834,9.32986342977282,1.60119871403146,-1.70354895571447
-5.66382461183276,-0.101896149087583,0.654944589941669,-6.13990616623996,4.38210506423037
-4.93440229903706,-1.19657882380903,2.52098698983491,3.96532229859821,5.35994543847457
-1.53312536236452,0.67645842425935,-6.4476769599319,-5.73353060975171,-3.87294166432968
1.1656471797987,-2.92304504055705,-6.1860359712245,-5.92129594970807,-0.479749146750485
-2.31636107532561,2.30729319645729,-1.33203136743869,-5.91638240857221,6.55047394269646
-1.53757538207343,2.21595834686631,-9.28580067022519,0.417690158889532,-2.04043107674193
-2.76364585343317,1.04672849216713,6.32228183185545,4.39207855200678,2.93942700210517
6.05724449687668,-4.41461380828262,1.52507642169848,-0.198001969321525,-6.26259051132164
7.57171109515224,-3.48260748490926,-2.80513033559885,-1.21481011032377,-2.70568523631407
-0.000340952462655564,2.21295884694044,1.83562821184594,3.61398286393958,8.17125679736075
-0.905102140533374,-4.53634059354553,-5.42490453049134,4.48546213992889,-4.26835636256184
3.24041488878204,6.25222705135861,0.204927547441908,-2.66248475851955,-5.61866826679657
-1.60443956065936,-2.53442253697634,0.892320213646631,8.66334413109072,1.3845559681715
-1.12255805582293,6.22964546315544,0.514852074412427,-6.2530123286791,0.560125765254331
-4.63928083706927,0.53662087688963,-2.50775090048331,-3.74943947448169,-6.93200790111889
-5.30844587510594,-6.68328841622238,-1.29617154113938,-4.05011108532089,-0.369769626484793
-3.90911886284136,-1.31252084679877,0.745885195558221,-2.97106880687255,7.41890889149547
2.68238985007663,-3.59935783535934,-1.7059945541867,4.14302052276067,7.06740743543761
0.914230268419014,-2.18489628050596,-6.40062537660919,-4.10726554828438,-5.47173352453797
-3.44914124832323,0.468126088401976,4.63900446707952,-2.0643998963814,7.1184456841677
-0.153167539580279,-6.26321727695985,-3.89568233247675,-2.15125467737,5.06833401910384
-3.59513090394983,3.55945314703992,1.85212714623482,-4.87180172930044,-5.52149526910945
1.9843236002518,5.21734642891003,-0.766989405238212,5.55051543866292,-4.92524244144581
-4.46564120356505,4.52454041032206,-0.328471845384829,-4.47945793424644,4.78776768338482
5.5979703465877,-3.04939607896041,2.99202205411773,-2.90760434198893,-6.00654144764341
0.59486603699668,4.75419009711516,-7.27712810282401,-0.69611241110112,-4.22756255462767
2.21732853019143,-7.03093397647422,-2.27001744884973,3.3706640715494,4.89234994749133
0.0911319913808949,-5.05326511429719,3.66601361979012,-7.52352278220247,-0.580489720404633
7.64958024904362,-1.88902242808264,1.63558563968028,-2.50234116425619,-4.45135801995869
-1.21281697107209,1.57493823405249,1.15465580237894,-7.03464552899824,-4.39716280523469
-1.16017468116584,5.57912697959566,-0.339430713899763,7.27094156932448,-1.22183871093587
3.95554592360806,5.521894691308,5.33114178116007,-3.09298956237972,2.28948638549717
-0.292131947811805,-3.65774619240922,1.68968180540752,4.92746474346575,7.19845796711098
4.50158174674369,-1.29511273946741,-2.97566184984172,2.87792887431239,6.81848953168841
6.61697912406653,3.20323814550664,-1.32370237197441,-2.31361032898884,-4.33957983756411
-3.03044634627441,-2.50515725892858,-3.21907787818298,5.32668849733693,5.37988467143666
1.79561873532562,0.91222578491126,7.88758963530773,3.86330555751144,0.790595242374688
1.97707573513926,2.71910540437679,5.92226838658909,1.2991967598344,5.56018069440301
1.46080451805165,-8.45540707435235,3.45050752260681,3.98985965899865,-1.40798922237733
3.10664704934363,0.328595742786811,2.14695749120443,7.22803249656081,-3.52067561445033
0.84074673321623,6.41340733350254,2.55240891613557,2.30390049067614,-6.37708364209959
6.18313701260766,2.78961992441165,4.09664097305563,0.634642504178251,4.69205441043198
-2.64884752410554,8.03376460657392,-0.158166542554472,-0.946220667851016,5.01351432864783
3.20203507704416,-2.90198688499529,0.835830178726489,-1.02795720052733,8.32759276265353
4.73534840462542,-6.98490319341653,3.94673446948575,-2.66754152656477,-1.14069272195399
14.1044381518413,-3.91740448234755,-1.61862845446509,-4.39931212166997,-3.74263367914015
-0.288244356110021,2.54048859955311,1.54312071620926,9.82540419208414,-0.72992980909787
1.64746774748873,2.20049270194212,4.60951667903875,4.54689607075981,-6.02950862883825
-4.89773682722267,7.13597765394264,-1.30524773243578,-3.40431006856157,-0.732169730559534
0.228910277915721,2.80163271560058,4.32573462296976,-6.7271311170287,-5.73896990206787
5.57921253452707,-5.99571977942467,-1.93056784944822,-1.76515828211581,0.880422616680456
4.07929927240827,2.72893284583375,3.02217979597884,-7.92161746639819,-1.11717180321785
-2.11242659124335,0.317337866127877,-1.72965443862376,5.17196126434298,-7.91621656124084
3.76690699786154,-3.37390137164931,-5.39259658990112,-2.6935973959307,6.66881697685676
-7.12434436561088,4.49709628908882,2.11330552340504,4.09954452358561,-0.216545824540642
2.90699885686512,3.54445730448399,-1.18984916976253,-6.7527848952619,5.2219988635576
0.668310744256346,-6.72576311427063,-1.17200594652198,1.16176456109086,5.7562549503411
-1.57439087201871,3.76444620903787,-4.35424061972934,5.96023376067833,-4.10180925356972
1.24162686177423,2.87011122745781,8.79478027528645,-1.13802081434698,2.72909440001381
-5.01258659629452,0.362174753920145,5.03665958923389,4.68797305773938,-3.50844497718063
-5.39501028087352,8.98668716491903,-1.23491331973145,-1.15566847579901,-2.04905727383882
-6.7169882452715,-0.468401317458152,-6.13930548488212,-0.673706148910206,-0.553064247159884
7.74913405464265,-4.5548809414239,2.55508256600194,-0.619025454802253,-2.67394568447212
-6.07820534777052,-6.29268908053182,-2.27107918680721,2.80792375928719,-2.80788170333236
-3.70082192463119,0.525267706154571,-4.92807737314831,2.10850313031815,-6.96791370952074
-2.14182624000541,-4.64518117065331,-3.55025088159316,2.46680286018952,-6.38907251896481
2.13915241382415,-2.01733318897972,-3.58259380049591,-5.22691321444128,-6.20531570879526
-2.58261733703921,2.5470943034456,-4.78930798652379,-3.67275313185572,-5.63558028534636
-2.02067190303254,-0.636222926389875,-5.87121039944749,-7.45335605900159,0.58813158765778
4.00471319889831,4.2179318613399,2.84841652112929,-2.44017294323435,-6.36883912195956
0.0674784965997423,3.61972753960501,-5.52695716727811,-5.34314321366699,-3.7893799128826
8.28538265171464,0.171708592906442,-2.86174378056048,1.05189167525145,-2.42764610561724
-6.51216797913533,2.33499741094894,-1.73239062365255,4.42122480456934,3.88354422638422
1.07666932443394,6.29751832583452,-3.76145811286499,-1.04134207726793,5.82751488146713
-4.86715432251599,-1.14666930474051,1.00364863227134,7.81947035164306,-0.404276240006405
6.59819941347778,0.708666086126473,2.46932997986253,3.14934150266715,-5.37106933811234
0.942180297533663,5.05756913733965,-1.65363582535923,-2.91052408619495,7.32334106039045
0.093546596383557,-8.01447480422023,-2.73584694682672,-2.51518509321941,-3.37111324405212
2.35653174499808,7.33492135886988,4.95575613148743,-1.9426627392884,-0.558617927406387
2.53169126968332,-5.14425748518634,-6.75940660622561,-1.48833397986968,-1.70505964082717
-1.35926876814833,2.34187261495763,-1.96128783305359,8.86205606480576,-2.46066146508221
4.10189522460545,-1.88822520373035,3.06617365320595,3.8372794022106,5.66375201299481
-6.54597639731522,1.38902917613334,3.87159415287671,4.45369735323367,1.26402849918745
1.65828825842724,8.08904210662862,1.06258405205051,2.03250594309474,2.56721553254738
-4.9226564969004,4.22582894377289,0.113258830735348,6.66247276262178,-3.86134172097441
2.09832516341322,5.2411377753717,1.31434612215697,3.11039180378376,6.4960785849335
3.59990782902469,7.54579541941402,0.0143050392744563,-3.28659731917843,5.30691212309987
-0.594961516388889,-6.90221774459929,-6.36309707318336,-0.496392779075475,0.999643358812137
-1.63616562190027,-4.46340285245649,-3.26432835296275,-6.9733451705125,-2.24054274205113
-7.52515474021459,-0.412408921641509,-3.70741961096348,-0.940577908793947,-4.86942309830531
-5.08487285606055,-6.91568140847215,3.32454442118117,-0.95616917820708,1.58148143832447
0.610021720940115,-2.39063957690654,4.13472523070688,1.65835799800518,-9.23475402834343
4.9093860407068,-3.94209215712078,5.19820257785544,-4.24206194992169,2.35132279845621
-2.51332388748711,-8.18246706227663,1.44423604386951,3.65441864787549,-2.95869378591593
-5.09358053718789,-3.88843166075708,-3.59226322311724,-5.50084625054067,2.43446069042312
-3.79680126593952,-3.4180372351662,4.19405256294829,4.66548704242978,4.57205675353724
-2.15068933612832,-6.13994099027786,3.97299079826107,1.35880378968707,-4.35431819710554
0.300329114200506,7.9072062766507,2.27573240901401,4.26211428414185,-1.99198801149504
3.14832116740386,-7.69476475081614,-3.1409723246533,-2.4025774865704,0.431058358824293
-6.28695046517042,-1.78701353232335,-1.34009574613586,6.16555530716482,0.277702998682605
-0.852451550023097,4.23662380018159,-4.7640889228309,2.67707990147277,6.71126245694412
-0.417722541047812,-3.73624212402162,6.91339867317353,-5.61004502894713,-0.395089429082665
-1.23596712755904,7.50395524674071,2.83126334449577,4.39297676729701,2.18729631578133
-8.70587992627826,1.68729492238461,0.40234752060308,-3.31001398584139,1.54423038972878
-4.68497878348334,-5.02926888238903,3.22651538353707,-0.63700480776987,-5.57516948056827
3.58904489190618,-5.88199660454117,1.67355813564619,6.07203397809306,-3.42618351822369
-3.98400794615056,7.69463859147529,-0.937672803729786,3.27594997454999,0.211113114237151
-4.70252504425888,1.12138695109694,6.59752078862448,4.88139836594026,0.0303101265808542
5.69769227567852,1.27351877115384,6.58530678863953,0.20400997941643,1.27718073414355
5.37180588317461,6.88014737033014,-6.34445484684296,-1.72209149118117,-5.7748409350452
1.50649525081244,1.10898229340323,-9.64362207469955,-3.98722963100298,1.56955546350075
-5.62859335426144,1.25833543479812,-1.43588925625443,-0.218419736303309,-8.14306914259979
3.7271152637712,0.0302667786994032,-0.927818424513649,7.31420555589047,-3.06977016832524
-1.57155363929705,4.62682880204366,6.41075004493041,0.659859295064551,1.97017255375809
-3.84332162834527,1.45309108387981,-9.23748495531289,-1.77674100282052,0.901968939788236
4.66086351903147,-4.02912164647273,-6.92737610121818,-6.45855386813264,0.383308401775517
0.187407566054737,-3.81534696929604,-0.918451218182092,-6.97866871711842,5.27156466075406
4.62325922613933,0.540342921488578,-4.63267784163448,5.24372599796266,-2.91757340705459
-0.103624993515644,-3.35006829543188,-7.66102479735575,-0.560024509405089,-4.88872175687703
-2.26126787540821,-7.3069487394522,-2.07447781115419,-1.01881600887385,5.28318378298934
3.19011266161171,5.60666352768945,3.94776646234211,5.48200685824792,-4.72374901237747
0.340463198956805,-7.54840608349808,-2.48429748071312,-3.65064034147138,2.44354506946899
6.75071170824131,0.0462757572949428,-0.246477170530267,-4.03082826477044,4.58610086783477
-3.18584851943991,-4.79492261192721,5.77797384410501,-2.87025632849309,-3.6304719976125
-8.05303503270981,3.50170342792393,-3.22732903057117,0.531422177570025,-1.53091709321438
-1.76675807780762,-6.5481261040116,2.02479959119503,3.99841322077741,-5.53340255121053
5.33927501408838,-0.99072422423977,0.513284408915255,1.5513046708727,7.34849254742177
2.63841596500954,1.82304392541622,-6.63623180901244,3.71089184486181,-5.8689724880298
-0.577861973418237,2.96217495521474,-7.9623353714723,4.95019513692071,-0.848125742998184
1.86734197377092,4.45672978403723,1.94593620773533,-0.295765782485866,7.70572796018175
5.34100814554996,-5.54394094925836,-3.03324914085679,-3.51297282106592,-2.60431751871412
2.85524589809251,-4.8425070235865,-4.27212444698098,-3.98473930374259,-3.73001017759224
-7.30858390094867,-0.169827605783845,-0.731931316103583,-4.71691284433727,-2.65448765628993
-5.82798885497972,0.738174124074227,-6.7154986490231,1.05932075848292,-2.93795596991154
-0.107405697290266,-6.07768927355853,4.48145110079815,-5.79316372403615,2.56040734594147
-0.0396295043169144,-3.20088168540909,-7.8650256465532,-2.95329909680578,-0.950588725413584
-2.21597432360066,-3.16860131936419,-5.79258029331986,-5.63567811335689,-2.27395657522774
5.0098285150552,-2.9509139728932,5.1363128629169,-0.374954009165531,-4.86427303670515
-6.40858780434124,-0.244948554972539,0.918888758233725,6.09863920921898,-3.46011773415102
-7.86615266715557,4.40284650728462,-2.95934641760745,-3.70580266337091,-0.392062869182495
0.260465489460769,-0.155598655674856,-10.2859256097802,-3.79968947514302,-2.44645495575384
1.27711253777163,-4.05976724746997,1.85167456007916,-8.44102120751918,-3.70442346098607
-7.50934892713869,-1.28696376168273,3.55873828825096,-3.58625639370322,2.27685277825251
3.77245482197125,-7.60854917116277,0.874126701428637,1.54579108477325,-3.08875605460851
-3.41018305681805,-2.92099142263004,4.5272528811494,1.18699125840167,6.59882192690529
5.45924179315481,-0.578488584441796,-10.9415337120643,-0.652104154573296,0.446039687804231
-3.20690592836379,6.58385266277668,0.880469633237879,-1.38356940442769,-5.47009426056726
0.517272796134763,-3.54874339142679,-0.498992196612526,-8.64519187643263,-0.528762342037928
0.501060557330043,-1.42778768546547,5.18252539973038,-0.77152938698184,6.80763586857623
-3.82357372669716,-2.94351374861168,4.18024388223601,-4.19929587353313,5.31628956520073
-0.535669513620412,0.647408860324926,-5.6826643030695,6.97469859819188,3.62386978360894
-1.08915772788369,-7.80124678809351,-1.99728881750174,-4.22893908314038,-0.435006153992229
3.42420101590512,-2.82641588561151,7.62390863149424,3.49144419953321,-2.16517757475827
1.67445995906153,8.32178560969864,-5.35242335715339,-2.76404782172854,1.3116330490664
-9.20133115150953,1.42122677648342,-0.179969774223762,-0.575865612684694,2.12378487170948
0.961467089448185,9.17080641570817,-0.67024597873612,2.43688528629479,-1.05994318779051
-5.06730175711908,-6.96848105088973,-1.25984417448721,3.80062879416581,0.577334745648331
3.99360123622268,7.23732723521837,0.966261492042546,0.497663895581457,-3.60628083950914
-4.7010663813125,-2.42120013669992,6.24697485794169,0.457367135181922,3.18001870132181
3.07021681749245,-0.126452124552712,-0.86566206734833,8.60645297338607,-0.380500131289726
-7.19375914434584,4.86982980237525,-1.98318683942534,0.56427549223698,3.13288982277584
8.46507022360911,1.42661233277687,-1.91612737821246,-0.5247451039872,1.45450542673907
6.63039722709187,3.16498806942829,2.55705186311374,-3.91456464968491,-1.07456841287845
-3.68169825466828,-0.183811448721218,3.67426810973605,7.21091975085739,-2.22389424668115
-4.70675161574911,-1.66871399752038,7.51385443641697,1.74129150332056,-1.31375423452746
-1.42259442514122,0.975363947382249,6.86583171668655,-1.86160371657339,-3.63856331765714
-5.40892361493049,-2.19596422331126,6.06190474076241,4.28127928528894,1.6898589540589
-5.47763200371837,-5.29049558644702,-5.25504505904556,3.05501744588964,1.70207093501053
-1.61930270558857,-4.90346871533906,6.66864187415151,4.40354851849662,-0.905108175677095
5.27809602825493,1.55864040266405,4.95302764414017,3.90131117209955,2.97902429854363
0.0075305008728695,-3.69308217674699,-4.14803732528075,-2.39072971750435,-7.9824563035428
1.95351202976203,5.27726000763818,2.24353173585433,-6.52959340390444,-2.55509084764251
-8.36473502827811,0.690201148231688,0.714029715267982,4.33531163690644,0.150483958569627
-5.7809900437714,5.85374958583981,-3.2283372014008,0.506702017626256,-3.7833266738972
4.74202653166213,6.43193513802919,-3.96032792701789,-1.12671452357612,1.73086621624077
-3.93693441423183,1.12024942158736,0.414275220786684,4.36856741434133,7.59576075992831
3.74542913069679,-2.91525363894071,1.23473208226372,1.16916975123491,-8.31087329853491
-2.46917940296453,0.326079853088422,-0.768516640741241,6.98447374790888,5.55591155792496
2.75403214795844,3.44232006560597,6.21345387485747,-3.91663193231785,1.57412629329627
2.46663306250884,-4.0478079169057,6.29417816673642,6.10142832202759,-0.558712841832151
-5.4056941160339,0.511921273951348,-4.91008540164063,5.88897392918988,2.1221314313864
-4.90506056587028,1.02618245800963,6.10672110837283,0.826220903733904,-5.13874373552165
-0.127727965117843,8.48501272001535,2.26448002106445,-2.48873282669711,0.55201272025992
0.323116139072949,7.81106740769207,4.02886665325246,-0.0609589496953289,-3.17928277144549
3.99537531620007,0.0993055871927996,-8.41347430277151,-6.44415313586938,-1.55080181571233
4.73849950131206,-8.35380627420611,1.52243112618601,-0.782570210101725,0.375449982519762
-4.65833393775063,7.67718146962112,2.33972905617984,1.76489881612506,0.211568221249531
-0.868400552839502,2.65399321121752,7.76393775484093,-3.41044998832376,2.55886453337818
-4.29680153972537,-2.12571397725078,5.99389085041804,-2.34280645836841,3.12767779389863
-2.46700386298122,-1.42378324818203,-3.67785840403793,7.9876157714854,2.05421237361306
-3.33442110784956,2.8506719620081,2.12335560388496,-4.96944335899826,6.57504407697621
5.17591433122501,-7.54868991800638,1.93987498037197,3.58560661674427,3.70629128260874
3.31313212174663,8.68773961440879,-1.56070167989239,-1.9178437768456,-2.87349983052052
3.94652982235693,1.68236449796593,-4.84568581255454,7.26460980898437,0.863123675327468
3.65093997312468,2.38446817912891,1.88455365439135,-5.64950741166645,-4.48388344814481
-5.189207711332,-6.39100921957623,-0.818836000005525,-2.46186982435788,3.55046704228233
-4.67106559512608,-2.1425747440707,-3.29958263029219,0.531802001023966,-7.43745475804917
-2.4545641435505,8.2940581051419,1.23219200339361,-2.39757504889246,-2.09627255364284
7.15954570688033,0.610747218549597,1.95167521409838,2.79940200919088,-2.51827215643964
1.65075246880691,0.745577924135257,6.34486857186716,-0.958554982570342,-6.02768430917592
-0.789338110168889,3.01939976757554,7.42637106157027,3.66706905814456,-0.928585633868507
-4.00851964408396,-3.69198347529488,5.73817965657681,2.82765770170664,-3.52702694524524
-1.27526815052452,-1.58623609989542,4.93296517971032,5.43397667053716,5.27349532044053
11.5559890996721,5.24085363748996,-7.78623835290813,-3.57825368513135,-2.67790623184196
0.324468013692046,-6.30336001604146,1.38068387857191,6.75545211749172,-2.26155434551619
-2.48543545141222,-3.20013129003262,-2.07874136801998,-7.43330349120291,-4.28416130455545
5.98500369992328,-1.44332910072977,-2.13223377974698,-0.384752330680308,6.00094614116935
-1.62944540321605,5.6922096028625,-5.13790372232011,-3.05319311715244,3.60123542165611
3.45639740401285,-6.20640045108095,2.76552953680299,5.45046722832756,0.333235823630963
6.95553808739986,-2.91010111193645,2.42610156228155,0.36403690193652,3.0034032257426
-5.29217452553723,-4.79422907778819,6.23801075175865,-2.66774755918611,-0.0802695517996358
2.35896898853416,5.89575004798825,-3.73774279427581,-5.75753060934493,-2.60448437744564
0.761590399059984,-0.743285543255739,2.00619168151282,6.10095273045406,6.69728327165903
1.50618639746427,-3.31724142669991,8.5393497367712,-3.3844987215718,1.91994107595272
5.44042586769329,5.93846658602866,-4.53790183211556,2.35493897363805,-1.8920290878409
-6.25366900493807,2.70290537845919,-1.26107737948214,7.18476288518415,-1.15220723924818
-4.08849047801562,-0.628948042777816,-2.79359109822439,7.13581322972751,-1.34996492339532
-2.91787582269561,-5.34574600904977,4.32687993051169,-4.8984900090354,0.68014879715221
-0.589566271111753,0.308599916295866,-3.73062980338428,0.794905942048823,-9.67093090870761
-1.17285828162935,-2.36906468103912,1.44425595771285,7.99716344372388,-1.3754690795459
3.62973513545582,-2.29413608724143,-9.44027667905735,-3.62854124491969,3.17558580523381
0.601130942388169,-1.42202630209559,-5.88949522687939,4.91205566601792,5.4722514634681
-7.63322492977432,-4.22056687972284,3.20725590976048,-0.389271722900506,-1.30481147831147
-1.77653351886374,5.50122409463567,-0.931883299157245,1.15384958370161,7.33392528497552
-3.6112463385223,5.07962503737213,5.74818965196787,-2.49528503767232,0.161952847464196
-5.251329623618,-0.264670014941975,4.35440102958799,-6.10808120324474,0.988296549615606
-2.06062154920448,-8.18135046485797,-4.11162732168803,-1.54884796862587,1.08862877613987
6.76408289718452,3.36373128827221,0.116398416958891,-2.87938990490377,3.70881227605794
-1.27322741050305,5.05358346979687,6.60258744106196,0.320920140497786,-4.10661130131349
3.70795656089299,3.12850279000553,-0.322895656737251,6.9440859924701,4.77468277624534
-1.04484949420145,-1.17945662651025,9.09836643551307,-1.39776880187771,2.67711455862533
5.1532876214548,4.01844824587771,0.137442658890576,-0.803886003258998,6.19432993915804
2.46595122938479,3.72740302530166,-2.11478075197768,-4.82204787285238,-7.61762128903033
4.52021913162282,0.552280843750623,2.34101741108384,-2.65881631976197,7.6819193411103
15.8107212681584,5.59257294691972,6.14104384469517,2.66262896514356,0.815126461605178
-3.32314106643714,1.84005660794632,-5.87791801840427,5.33107568986804,4.6764585479866
-2.25990079163229,-0.435946006789705,-2.01247002396016,-4.70309872890081,-8.15763401957723
6.81118319638967,-5.2318178362635,-3.22264309474272,1.81151175131641,1.92894625084803
2.24404058703414,1.13224470213651,5.99392669552064,-4.12574900554332,5.26708540248036
-0.0830040360210075,8.02541668000066,1.15191611796393,-0.408418960395319,-4.90799611851323
1.61789271641661,3.47531959301142,3.01277861047292,-3.46479711553273,6.84022897984924
-8.84601117519275,-2.43437774985599,-1.67784473837344,-0.892965049787642,-0.129953639350679
-1.85841549680962,5.29347819080714,-6.93191470684889,1.92155502211525,2.81521143717392
-5.82802504108505,-4.67727711780431,-4.353696116075,-1.48169592929307,-4.08605853233305
-6.43921556892727,1.44479873199849,-4.73745451727923,-0.404480849024756,4.865022042401
-1.35529724637867,1.2781617698859,-8.07551135218506,0.0618009560996352,5.4557768474035
3.02781796934449,2.45745269985827,-5.43555228342403,1.80358222616775,6.87009347440492
2.95064691417408,4.37233453107628,6.66214526393418,4.20305094195645,2.94163621568669
1.05638243784003,1.28549977995709,1.45667759342803,4.77317413821363,-7.60572573003444
-5.49624615823162,-0.125824721519896,-1.5082102094907,1.00947894158264,7.30421364602728
-2.27178300691291,-3.64916792327362,-7.75896033680187,1.7025556622301,-1.59343197809989
-8.1433762049941,-0.362335693068702,1.23401506299911,1.54713230035303,-3.54400907670133
-7.45133487080274,-2.72444484342339,3.33803430393376,2.34496246425035,1.31526797267698
6.95636446746322,0.315214375482208,2.53245331996178,-7.48091608524442,-3.7484884260957
-3.38533299879628,-5.48104246734332,-4.03024136806257,4.58322070684232,2.71329947698987
4.46819551501648,1.21676687548742,-0.978605432768116,3.84469396937025,-6.42347289138158
-4.69056372364063,3.56332837041685,6.01987981841287,2.83485476467986,-3.21336478310771
-4.46532543798064,4.49944789420828,-5.23887295681341,2.64149653576188,-1.79622088874099
0.419317940833911,-3.89123868131128,2.64726972712977,7.09239145976586,3.63080895355673
-0.791197488772436,-7.47142412425371,3.59139591522718,1.88938543632261,5.41059951798739
-0.238959030324917,7.91722325044326,-3.20173924324125,0.223554707640793,-2.12212245628135
-0.105232283704238,-3.01188851238565,7.50804911606142,-3.76120482828018,-3.38869349313459
-4.29009011781896,4.83556961029693,-2.04848680280399,-6.10388559116924,1.88637554194334
-5.69156859149975,-2.55025614415901,1.44304992497121,-0.591447518201186,7.12244713323706
0.874903959031957,5.98116842782628,5.2190783854021,-5.67760713578881,0.420938883603291
4.13966176824555,0.904282891876518,3.71749428244719,-6.27906831766403,3.34216526955229
-3.7242543497541,-6.6039399705441,-3.30143770369902,-2.76965013573358,-3.36979247068645
-6.25142933370891,-5.81046057267524,-1.28052350679646,0.575884267970638,3.13171165758011
4.56934484272836,-5.92164415878938,0.798357135519507,-4.4400018450214,-3.74254579373981
-5.75682176843679,6.13837372599857,1.58247502266173,2.1625920660638,-3.78585790674535
-2.47004819211539,-6.09813903305638,2.34251483775032,6.36489794558929,-0.824510227650107
1.4966425741753,-3.7598824301567,7.95991294996523,0.737970173675792,0.300537375318146
2.58962528985026,3.82155211026451,5.86989700858949,1.3341731249353,-4.57370432050264
-7.91331944693105,1.17088496133114,4.29277479274981,1.28456939480989,-0.451329987807988
3.55939472868609,0.499554507564452,-4.18262308309571,6.27444022192679,5.21401110069006
-3.18760749392211,-4.08265988872468,-0.321090496170614,-7.73608604714954,-1.1541310248421
2.69057475142889,-6.23950151204945,-4.59907068532068,0.339124701237153,5.13968167643818
3.07600754849701,-6.65524224348171,4.48722517891696,2.1876678505548,4.95286748476754
-1.31256162870648,-3.40413634597426,1.4324507316451,-4.21705104448186,-7.43544057205441
-0.634266795412251,1.04176385976845,-4.25515274349224,-2.79347851805279,7.45151191424793
6.10635887892342,3.69247486097111,-3.86096069445618,1.27556299501793,-5.03204630531563
9.36952846411256,4.41797749782801,-4.21718355424685,4.86041629111723,4.73513081524645
1.63140885122817,-6.60571814571317,-2.77710485883587,5.77571190643022,1.5928248153621
-3.05362635327821,-4.67791136563304,-1.15763262497375,-7.01995016638949,1.72800059877219
-4.89146885214838,-5.26273601606459,-4.09529782497114,-2.79058194074746,2.9319286219143
-4.52083010085678,7.09151331072251,-4.55300001595445,-0.960829608080314,0.487735289668717
3.09480218217511,3.88839960014351,6.41549399618132,3.70218640780243,-1.14958474111346
2.69009331578078,-6.80870937946864,2.75798505038186,-1.7549312365309,5.18642789883604
3.79588134072483,4.82486948594432,3.91080498203895,6.09624704250032,1.89752136473182
7.47312816264902,3.57867801736126,-1.34297267703753,3.05534710589361,-1.79487299196518
6.78865868074477,3.4250977797314,-0.459722309725648,-3.31814289582331,-0.853775673542761
-6.96863054739741,-0.939226778645351,3.35276920545701,3.85374331888457,-3.39761874461506
0.0396119721398752,2.20101438792766,-6.19671648403196,-0.990588708884124,-5.70446450803283
0.919320339527165,-1.42932958857352,-2.35575416299741,8.94538744841886,3.61650937897391
-7.42783993075045,2.9632247087201,-2.73520151916811,3.83321623190842,0.35728454722743
10.2767229694258,4.22144761229254,1.00704923186033,-11.4723950446353,5.13400262196101
-2.45019810665387,-5.64810296898934,-5.71700340835557,1.54542796791348,-4.42959194710549
-0.13252657515265,-8.28144617089895,-1.38259586900399,1.17008739947986,3.02557510889049
6.20591690018329,4.33446177945109,-2.48033794350536,4.24682645978037,-5.00002768715689
7.35629001618505,1.40335176443187,3.221566174041,3.90284201874552,0.0706740553607531
5.26203663247814,3.10977474548192,-6.08631063700974,0.831267841760505,4.3001740239376
-8.50973054233445,1.90255680461008,0.348136167806491,2.93089930529305,-3.37770160950938
4.33904222182376,0.0813947932249335,4.77737193446683,-0.272752624521358,6.01316034102786
2.49088044210287,-1.29538180841247,-2.59257208666244,1.4610783537357,-8.04103392299327
-4.75099123243514,4.5427872823129,5.01110571478794,4.32596946765637,1.55265849666654
2.81034591408246,-4.73413668345302,3.85116822153594,0.463626247846343,-6.13197731947061
1.10072256683089,4.77989849477683,4.59857041075285,-2.40378930915151,-6.27714360099936
4.41566523061543,-2.91203811510077,-6.22006425416676,4.07354079551612,-1.99066601236976
-1.45456986674326,-6.74127692335547,-4.17028494615862,4.37976178190541,-1.18668375490203
-6.55926246972642,-3.07352790232867,2.46306579340865,4.98012170569097,-0.300166173310177
-1.21430267313015,-0.395764789079247,8.23071165005159,3.79555114828609,-2.44347122959392
-1.14818905681939,-0.376023657002392,-0.600987572763271,-3.42542950716414,8.397477412633
-5.87367835760826,-1.41829048463598,-3.43106475607989,4.83998462889533,-2.79380538129956
1.59612107930699,-4.12261326898779,4.82635755005815,6.33547391399282,-3.8731432096991
1.96039499700101,-1.06127672736606,-3.86522459026541,0.0214342264562225,8.91290265290801
1.89472966903833,-0.95431619007553,7.45586334054831,0.988793249670053,4.71816906356638
6.66762976406423,-5.01030590962807,-2.70635058607234,2.63412941044386,-1.09581660621814
-0.540053825512792,-5.7606296287474,-3.91882748686576,-4.68124014803152,-3.48934041816498
-1.88933218547105,-2.413577304693,-4.37833042559359,-6.51205520804433,4.13146097804879
-1.98269510654274,0.646882744298438,4.20558034365286,5.96311784772392,-5.29838538988541
3.43278861902623,3.58546415458153,-4.36449433604001,-7.6714374962724,1.75310733805662
7.64142333491226,-1.91561275849647,-8.44071547429399,-0.513096393156004,-0.765584043008483
8.03439118063089,0.347520422977203,-1.65417031951667,3.98973966769502,-1.30126091910073
1.93563863891943,4.00312300717785,2.78104283121319,5.73558280840498,5.37197263244677
-0.809325009348137,7.84372203918376,-3.34195201092759,3.92692913541063,-2.31384887542678
4.89285706666777,4.93399931315007,-11.0681770482012,2.41419893791225,-2.17977350366796
-1.63866943063974,-5.38346807216137,-5.94556082325448,1.62481457262591,5.39671502826803
-4.27505675953403,5.2582504177209,5.16347435030807,1.54537116856351,4.54687489972552
3.26632368452399,6.58941468364345,5.31922702056929,1.66939426043946,-2.14530678926935
2.56667270527573,-0.293997211975614,7.64613919886773,-1.24975438759629,2.47509573974407
-4.4711597658567,-0.724168941777137,7.29855911081227,-3.36711343285582,-2.03848649526294
-5.56214786049631,1.99785888589959,4.40053422590642,-3.96961288439889,4.92618044749869
0.530931593430232,-5.80669104396317,1.30907191885232,-0.0491544283479804,-7.38354622217427
0.814703207815504,8.22553422160167,0.0522489184311451,2.34164886306502,6.14963758102562
4.97203545867749,-4.7454766693904,-3.09527018641017,2.46497784493867,-4.73089630185726
7.04467136023376,2.12300820900879,1.0875794771872,4.43627138948029,4.88598939679722
-3.40695335789741,3.72775776769464,0.714162499994544,8.61794864508562,3.43042946400113
7.33483272880712,0.889336894580317,3.32206612877899,-1.50789773941311,-0.288211189956281
-0.852120773849696,3.43957813781263,-2.66256279737596,-3.07688382811376,-8.19173099844607
8.77102215878039,1.16325600406696,7.17080943099094,-7.74912638137197,-0.298117662597557
-1.90838808612349,0.827678483914887,8.08399544378068,0.554147254245996,3.27882074438972
-2.89354002481305,5.18721479162205,-2.47699910971002,-1.15566875075103,-6.53633657864595
1.04777640678851,-5.9218166105542,-2.5563193601144,-6.22668969677021,-1.27351751758879
-4.16374964974672,-7.94459412547921,-0.776974511858935,0.56386567577295,1.33947355776991
5.92454196435248,6.00021256419157,-0.0800993291116209,-3.68047292068419,-2.31676662120994
-4.04137323423776,1.70124494992196,-7.66032667235491,-2.73200665621584,-2.6714426161223
1.44837727572305,-6.60790240806948,-3.23786186169471,4.28097271984463,-3.3298757382162
4.22545597961071,1.71086049315482,-2.34477376504328,-6.31167422584333,-4.82798303106015
5.91025497461669,6.24182882820377,-0.532092751899143,3.93194131906265,0.983896003823219
-5.16977685762382,-6.93325364505331,-1.21761040592411,3.72769725730597,0.559239258345622
-1.60447580906089,3.77508476430782,-5.93309337299162,2.28233602795206,-6.83680683463045
1.73783199338853,-8.04276882340501,1.92219663059893,-3.32771336796901,1.46846137525131
-5.83771650913664,3.75771208183139,-6.62774257617934,-0.146143229331912,3.26973564821195
4.15650404062469,-2.05162875489569,-1.9345960760901,-4.56462683952693,-8.30774184520446
-5.26033145957944,-0.164221380874151,1.61283916616486,-5.72763569922931,-5.06747996052713
-4.04213476137257,2.65639658722715,1.81934280864988,-7.8254727137517,-2.84642674013546
1.59723388124141,-3.60968548197358,-2.05089389279845,-5.74458925613712,-5.58136782925641
-0.485880656635596,-1.62269158296844,-1.85621756438394,0.207202521541521,9.15877369123164
-0.521574189536276,-5.14644890803251,-1.53913188062674,-7.05302001765195,2.50336986688533
3.0320894583307,1.74744757086723,-7.47951865318644,4.55630154561019,2.67311130520229
-7.73798379436015,-2.07091739730414,0.725766153871332,1.447255404798,4.73929885152252
-3.07029116281723,-5.13042390064368,1.44924945406036,-5.8769222412588,-5.48159376274942
15.2860459143495,-0.650777608932813,-7.05896338963362,9.69567286287572,-4.93713441331175
0.0165976230395327,-0.852211199895704,-2.72140818530623,4.84548168218142,6.99773371327983
-4.06229166881884,1.15262398452605,8.06252183736191,0.517036621033639,-0.691455616293203
-6.27948368631425,-3.05046168440862,-5.53327935132522,-3.38685745282058,-0.634193222677365
-5.83265702527115,3.21781114745537,-4.39656185803072,-3.28287869804148,-4.57909727623584
-5.14267877392733,4.90071841590697,0.921910018451316,-5.21012537699501,-0.689306905446348
0.335888906873784,-5.65215237600391,-2.89619234494354,3.44012884142428,-6.39575667964936
-6.14087853068627,4.35889126806248,-3.03521703157958,3.24768349468695,-3.70465916448543
2.26912206436355,1.32771746024368,0.169449910117276,-4.1700681752327,7.23293933366231
-2.27623120642854,-8.8164162283057,2.42122896747525,-3.11634439437343,0.366839368959138
3.39861271345847,-7.10944426754159,-3.24779160536927,2.97213170644134,0.565342012038926
2.11682407742478,-3.53449749388057,-3.33563367790509,7.29960706540305,4.61041634178667
-6.09759323444233,0.268409945687938,-4.13445663252786,-4.81910125447869,-2.06671482163533
-0.23928809362259,0.39458068072302,1.57064819804732,7.99622790974365,-4.67840905889496
-1.54447468314214,-5.80071273535918,-1.78639191778732,6.8397228054697,2.28146722483609
8.20362669104119,1.95948194551231,0.390254166755734,-1.49785753970153,-2.58929044597708
5.17432739388734,-1.7309119502918,1.37726756412088,5.99601614669211,1.76852833675643
-6.03476715693356,2.72906359636604,6.37969609744105,-1.73373487502905,0.61269452835123
0.0857711816060901,1.44340603765806,2.23688913063188,-1.53423406109551,-8.9095188627213
0.444357582260335,2.09093451962911,6.02430144901922,-6.20241002271221,-2.57589756912447
6.30199651754522,5.82103026078543,2.57119326452702,-2.45824344919156,3.2462569558971
-1.61867507799554,6.15822937673108,1.46432365772616,-5.33525336252455,-3.52594107186812
-2.30165930393316,1.41418087564982,0.266935143214467,2.04190780515771,-9.16068819818656
-2.83146112291865,2.06247444813418,4.38260231890305,-7.20452317182855,0.711223027344921
0.137934317178316,9.0572434770151,-1.84752246351751,-3.07779075176769,-1.36028510868657
5.56616123343501,-0.98694413759121,4.16578763760559,-3.42615297216454,3.45113699593465
-5.51840693275835,-4.63589138455857,-1.60428863533513,-5.52701398596814,-0.851644599715634
-2.48923048548975,-5.42625647162621,0.659277383431268,-3.59419141282214,6.45444133598023
3.10152750518103,-4.32230516462517,-5.05300596338136,0.0987251964938283,-4.60522116160953
-2.61100622819363,3.69800803650332,8.94857760480393,1.21571702905238,-0.468019042135298
-2.68187465986878,4.01827333688662,4.87372800406303,-5.68030667261679,3.50638754549437
1.51587964998484,-7.02651724335554,-5.01210932825896,3.8630271780081,2.60463055397306
1.74545943209868,-5.27930049934682,1.09503142257593,4.55619244611551,-6.20259394440663
2.28237330563591,6.56432278404142,1.7227162925092,5.46734057233345,1.93265975325654
-8.03982173860013,4.29304205085196,2.86389181578275,-0.32940063836783,1.65659578162615
-2.12151563051886,0.997093510145621,2.37921917752568,-4.56440758267441,-7.03017868737359
-1.50991414267801,1.21710552259574,4.53867548233128,3.20424877822843,-6.80988803412821
-3.53362126287524,-5.93040692737419,5.30966317191089,-0.399062923027451,2.88437278545336
-3.5090664556196,5.04144428728141,2.49166343150218,0.608083315617099,6.12730503979891
3.40467084297064,-2.90547486629414,-0.75473188239256,-8.14951178406566,1.49590290719403
-5.5947607414655,4.49408937193853,-6.15522961589686,-2.25905543674423,-0.991199628190046
6.79410193743856,2.36604921155861,-3.68083488763231,-1.86891007038011,4.0840917679954
5.69157075578143,-4.75464766418817,-5.30966298408422,-0.452265352662457,0.811854652066819
-7.23811524880898,2.24816652379861,0.852308773149459,2.12023431792586,4.10640783619048
-0.451763190872378,0.167151846320002,3.92252405100264,-7.67979913420419,3.76200214195926
-1.31181480150272,2.10320686740517,0.898098129318522,0.902219437046024,9.06213060980895
1.9968456199874,-2.34816447590518,7.27035831132339,0.647808757726664,-5.20683064193305
-6.93258741424362,3.59345301944774,4.20533546062994,-2.8618900377626,-3.10371258687916
3.41889527458366,-1.97546148697882,2.93505704777504,-6.31197521341846,-5.72034117625784
1.24638719395022,4.17766401669954,4.54388966203023,1.14553981129305,-7.09757313593373
-2.6627555113196,-3.62938857360184,-8.25400815336728,-1.97621147483483,2.34666661136805
-0.627560372152314,0.421592012155522,3.16059265742892,-8.46370798954508,-0.27277520445178
-4.61240469434619,5.52685292884891,-3.68808870298022,-1.76929740240739,3.92186516108857
1.23336645628801,3.76310052095645,3.24013024084594,-6.35229352544522,3.69098821825609
1.63191890038451,-0.914842588875318,-4.6489084910412,3.43821064407084,-6.79850077848261
-1.19779112524979,-3.84798875759225,2.68383702823505,-0.738718533560547,-8.01735378971419
3.87686431602651,7.49953431362798,1.09945187678361,4.33496136110113,-2.03276580975229
-8.09766760590637,-2.88851183988655,2.89960648359628,-0.989054477857034,2.22951278616899
-3.17043805437904,8.03896113734,-2.21982588845061,-1.00264545464385,1.20363115731194
3.80794833185725,3.63077601590599,4.73015834267431,-0.553331865003831,4.85690673105545
3.09016871609771,6.83643860921408,-2.69568885305388,4.89248366905406,-1.26505080360307
-0.904415628783952,-4.00477825647095,5.36508530881603,0.97072986513766,-6.34259805742777
-0.589299722601069,2.60800487861255,7.218072611354,-5.72990620564023,0.120199236553364
7.8352294499173,0.855795408042405,-1.60582398539705,2.90610779610811,2.12370347459682
4.20204589719772,-2.13761297337575,-3.364670333852,5.24208628694848,-6.30997816829042
5.5593059004713,4.23044616599539,3.28702977808124,-2.39140946026327,-3.11370442884717
-5.73829444297615,2.2908504574676,2.75954455630824,5.33077447222038,3.67976719879701
2.87691456447503,-3.98839215072733,5.47952811584647,-3.76980663009646,-4.19798184358049
-0.868021910632433,5.95733131099383,3.79524069026217,-4.5172011383915,-3.52628295902935
-1.27308823267477,-6.69167820043455,5.9966995438047,-3.17641396753986,1.19133215740451
2.39304114679902,-1.89668925532144,-4.89706127245124,7.08823731442648,1.11447648841163
4.62418663351758,3.63393101316883,-3.59028056354316,-3.12026303181295,4.17873407901751
6.48735037390706,-5.14624415562443,-4.02766146017301,-2.05830847707045,2.80406598825283
-4.62261855212965,0.537234500623023,-1.51152322825363,7.62676699715318,2.62852791356673
-3.71819927791255,-5.21367041711874,-6.37725559659544,-1.92373321595979,-2.2428576649712
13.5442665610854,0.581650191812534,3.07840158843319,3.90805327965017,-9.15135191734878
3.76572129979542,1.32929318172208,7.71088384289546,0.322801355075235,-0.0641553802834424
-2.4340293664104,-2.54004835237358,-0.740428087882781,6.35196934459829,-5.8157810317926
-1.10577725007934,-1.42612619871439,-3.66682832770784,6.48424280216984,-6.42991640295472
0.087220237905939,6.84450539106801,1.39894852260983,-2.34449399594043,5.46189246438954
-4.4284897008203,4.52280165726209,-3.24650203077134,1.80782626869359,5.95691676190548
1.25177179668338,0.812995082957346,6.53844109900843,-5.1598898464245,0.349713293850145
-3.94125447901126,-5.28266441912378,-4.0582658735242,5.46737191803479,-2.15589080997738
0.30403984918269,9.66893111267715,-0.571639606311876,-1.75352493149899,1.67669508893272
-1.69195011323342,8.76212593283824,0.702757619430473,2.61367749238101,1.92719685483987
-4.49060098189647,0.704516256141504,3.70035348861248,1.5665239270225,-7.02137655549256
-7.5489542492481,-2.7291272142839,-1.21804311319891,3.93451355282207,3.60482575476551
5.704996604509,0.0361188742894258,-0.525834153547996,1.21966979714374,-6.2370669171604
4.790011747309,1.91083610147788,-1.46358684624589,-8.13648114012239,-0.108223519440071
3.77137496890003,-4.93362696053162,-3.6542048002755,5.50798306631869,-1.39977654804191
6.09977082692299,4.81615027229275,2.52361222906189,1.75177162939511,-3.34293653112735
-5.64857616178015,-1.99213088351844,1.10391274318922,0.634843090873484,-6.8861632544205
4.23026461819532,4.75978843524781,-5.54282366174532,3.75820143649806,1.15802077518552
1.17942982555151,4.43374961160857,-6.83710647760345,3.15956769943323,4.02212888371972
-2.59574806938896,-3.4554830475775,5.50028567601104,-6.02948311601301,-3.77834373538728
1.13263676412523,-8.23669061444943,1.80948906077904,4.63464990424665,2.05271872288201
1.75893693790351,2.39386749425453,-4.88740833083672,1.09374195546671,-8.08999853702896
-1.18126080235273,0.355974507792797,-2.58901953046676,-6.41054712734739,-5.02080945841109
4.30183874069867,3.18967748308502,2.45572746507151,4.74407375937346,-6.4534340665116
7.5571078212046,-3.84046185012691,4.31507748875297,-1.82082335435402,-0.476436544616545
1.53993354033744,5.73266393457028,-6.39516450891319,-3.16847724417346,-1.67622164060899
-3.80756585966524,4.1975383552744,0.986576700221217,4.09502557973114,-6.67751774530794
2.22182185605004,0.389229456239589,-8.53665579820261,1.7033861716411,4.0470606266357
1.3872264383287,-6.93889013792922,3.16064461445794,-3.32825034062323,-4.32225515228048
-2.05181808704006,-8.1345795294493,2.09596889784041,-1.43745360407667,-2.7402820608226
-1.69184699810231,1.92891981362925,4.78813326010499,-2.75057745501714,-7.65717614080104
-1.07065958763562,-3.74891838294762,3.97699723509939,4.43170974627761,-6.37007274982792
9.85488765295642,-4.10684077675223,1.63329404183754,13.6850121033923,-2.25547594540091
-0.711416469032479,1.57397310272736,4.58510111263369,3.82607850499918,6.89841182055789
2.38710308643976,-5.09994376895723,-7.81878913661914,3.09158966621872,-2.37150468334302
2.875691224805,3.44034475157726,-2.77016073529182,1.52177439807786,8.35329960644622
-0.524379447357786,2.87956811548598,-2.77159608483467,6.06324554096406,-6.40749866448315
-0.785330202784767,4.42099671442165,2.68833092961756,4.71353001613407,5.55637129323192
-5.07069556876894,4.25164008024482,2.79204047523799,-5.8820281066832,1.28821315384588
1.11726248676674,-2.16333768897617,5.0131806299541,-7.33854989187306,-2.44683711928407
7.57910986651237,-3.33279006377883,-8.33159369083901,2.6088837017822,1.78112436536179
3.34987449900055,-6.49935693117236,-1.80306796515973,-1.93317522634242,5.82211826147939
-2.91026309235093,-6.08999250906726,6.61085489376561,1.37666412655779,1.72389699823525
-0.802485902863353,-0.0719175345644822,1.7770521777633,-5.51228968856094,7.01801239799369
4.71973727909537,3.29600927125871,-2.3560032762376,-0.954113122350296,-7.25512026039285
-4.54651276413416,-7.39585380464691,3.92256756921336,1.58225940468985,-0.60983185479385
4.60690367445782,6.87131277242031,-1.52760855121013,1.90237412039687,3.69170865389024
4.16843730342051,4.53057509469421,2.95675873381817,-5.6889318434821,1.3533230509564
2.50295911469212,-3.72856334811311,2.2689762991629,-2.7699944349826,-7.46109349868515
0.0971125888642359,-3.4429941463729,6.44298016873963,3.15765831629821,-4.51517418961212
1.92743380000151,-1.11296072438447,-3.98688097616571,-6.97035445125051,4.51242565285612
13.4026191851378,3.16723278584743,4.92637858137908,-7.84429278820069,-6.32929889228575
3.94641335087357,2.87195296833528,-6.37272024785013,-1.49972543688936,-0.644098237871855
4.65024908677197,-8.07089249281667,2.70953070395507,2.48327218826251,0.3501848071239
1.96590037466865,-4.78189141783408,-2.61880658836528,-4.6640288097349,5.71723277534677
-8.14229530082705,-0.813378251481805,-4.18342278155115,-1.05897186352208,1.42171886386985
-1.32335004195216,1.0549519910557,-5.60609683573742,7.39650637477583,-2.40852751957767
-1.22000038784241,-4.64640638936925,6.76899970058904,-4.3438087533338,3.49703977405941
-5.83665241998159,-2.49713296880344,-1.14340014749523,4.34302782756262,-4.9707321382473
-0.603856464338045,-8.60066229619007,2.92020366380617,0.983325211291877,-0.0675196651108133
-3.50724618172154,-2.14789706741718,-6.62376539559218,-2.74239324391425,5.76785478813304
-1.63113519834365,-7.24218631361036,1.07034091806083,-1.5597957231914,-5.97658077830434
0.498293137178115,-5.98756716512256,5.19951397698824,3.96662036197271,-2.7055011572172
-1.34709668573593,-3.82169596617761,-7.52193674292731,4.7946954477727,0.368406222680038
14.5356978761038,-7.57343536835511,-1.31237788049867,8.15492177744274,5.04050806497087
-8.17670651843859,-0.26775909116183,0.226172574017761,-1.1506093313349,-4.25060726044118
-2.42380379535557,7.4827846436422,4.5819466205085,-0.104789635274496,0.23206083602368
-3.42281268549047,-2.92043791892859,-2.66790991336132,2.40012043393863,7.57936127981995
6.59135444142222,-6.14082824424326,3.06393783363259,2.64557500288485,-1.12562290763049
8.31198952868181,0.0608178062440001,-0.179524445070857,-3.76591203747695,0.37367712337351
-1.32078515728483,-6.49560240059074,4.00234128312681,-5.04434970808104,-2.14907205222172
-2.41837063046234,4.88959782233905,-0.128002616040157,6.00023581867083,4.56893336270348
-3.53348941496642,4.08566292415752,2.45593593489899,6.57033141646664,-0.116856393996007
-9.00686851259471,-2.20822579459616,0.453103137081196,2.36131067612593,1.1018940521314
7.43153135280002,-3.57153213748275,-3.61584209774367,-4.92896875098713,-0.442802270477783
-6.00634009501748,1.97534319024027,-7.08381317201305,3.52823422543395,-0.283401830863598
1.81636334475849,3.62334586122326,8.18660248252657,0.365807944165485,-2.18663108163609
0.599516572692946,-5.04949588405433,-5.41564980900984,6.72604087459849,-0.442214244980302
-1.1064156982957,-2.48342209816765,6.50583076192135,-1.26963962477154,-5.82048981121913
-5.5376008036432,0.586210547191814,-4.40073708026307,4.43601406013567,-5.14454162324771
-6.99175138056866,-5.40749196375595,-3.62683257743792,0.253061934725721,0.953462301778584
-0.790554235233636,1.38028949658934,6.02205784997946,7.04868571963798,-0.00720627838867065
-3.79179441343971,-2.18494138462369,0.247230154456018,3.08792716825516,8.3397445038135
1.3822791294799,-1.42711574861105,0.202027166641866,7.1159269665322,-4.28464987210459
2.78713974467005,2.76570567880133,-1.51549745870904,7.55350829095447,-4.23313521778662
13.0798041808011,-1.48179753344771,6.27024528531873,1.24695458322395,6.11126506890819
7.43965005809861,0.625113186220524,2.18533843966544,-1.82795784452502,4.41267771792972
-7.86407527324407,5.38249686126493,-0.739363689384824,0.042203786535543,0.766154396244849
-4.62036405758154,-6.70356760491658,2.33186804326759,-0.285998639444392,-2.9073317222564
1.35902195983226,0.989324203975917,4.57315334990049,7.27943663542482,2.60065531057566
-5.71091534089694,6.31522513502502,3.24439706853422,-2.73707569761998,-0.33834630574286
5.40801182846016,0.605508970552708,-3.90566716191079,-2.4838356044569,6.87786948355622
3.11024058901531,1.45166136005098,-7.09067262044325,-2.66085536807616,4.68210308814236
-8.0222305956346,4.45178980539539,1.77884397166829,-0.0885214851262057,-2.19195257486012
2.31523005134766,-6.13747360837125,6.27219079300081,2.50052349014506,2.37594274551303
0.814072719741972,1.02683352786636,-0.150769099957811,-7.9713478316607,4.86505399945592
6.46396523229505,-0.853161343077486,-2.62174603964666,-4.91996066497298,-3.88415801786703
3.50563545557845,7.99233415107446,2.45644701031999,-0.53796617000989,0.399837533956776
-4.03257384919904,4.8143662807719,-4.75302548890055,4.64478606007605,1.81721871900241
1.28015297403559,-5.45481517163566,-2.83916809697486,-1.48817606802137,-7.20504092934654
5.20738516963452,2.37742793669144,-0.142644652873386,8.02697214481894,0.000416624059725573
1.87233572903755,4.37029953404645,-5.78722680187124,3.43745475436518,-5.08477113742868
-3.04014427511605,-0.850516696060865,4.89080209145218,6.35896778630622,1.13709294868296
5.57303197622114,-3.23632282610465,-2.1820178158527,3.7912716222287,4.4289845575108
3.38078870313765,1.02945927743098,1.13051266677893,-3.84970196246416,-7.08357179898538
-7.2750638605439,-0.0616714163431056,4.9490695415378,-0.182396800275155,-2.56713243825528
-0.203367283378442,-1.95279177278919,-2.10958108080662,8.41669665972787,0.0101073089866595
-1.44998273096721,4.39787168973526,-2.76000030476112,-5.87641470634253,5.03970099159982
-3.80373389394011,-6.58200390274068,-1.06466221127135,2.20569327276045,4.36123258621589
1.07673553401863,4.07375836791417,-8.26703070091992,0.737558202507158,2.03127085350223
-1.19513158454602,-7.4899873750554,-2.92430742794852,1.89009787877583,-3.86699717091315
-1.48200045407717,6.86800340621958,4.62943093851501,-2.68845497272119,3.60723618860523
-2.6943313191549,5.19780889773054,5.69234759288093,-2.31462448847953,-4.96958215317166
1.34843173555532,1.59704338460581,3.02087481083641,8.75650830242936,0.958596367864219
5.89578126127973,-2.09425307351605,-3.39122752507499,-2.45175439405988,-5.7231454016389
3.97130637407124,-5.50552075748361,2.47640080809769,3.12228546907994,-4.84350923471576
4.60967959676492,-2.29413962670691,-0.701079300015949,7.03035076757165,0.653816396922063
5.25929874803968,1.03532815566385,5.71690304442638,-2.73795194431914,-3.06017231692065
5.24100383971945,-0.256959575926866,-5.371498715474,3.15051353432393,5.70583415832745
-6.20843548435471,2.16632681119874,-3.1757215448593,-4.94751092069988,1.28503168801528
-6.18126131314568,3.79494099371571,-1.30050037259179,0.930707427483296,-6.17328230887041
1.06915417536891,-3.46174223252159,3.77158458624077,-5.09117084350527,-6.70211234374672
-2.31865419363653,-1.21224944159732,-1.38020174345323,-1.40732890687794,-8.65526102175641
-0.0478284408824072,6.12374691868264,-3.09254666759078,6.26941589922067,1.373941604755
-1.87447656613925,3.44617257683763,-3.96694960026899,7.73989236181537,0.0234807280418926
7.25766161045379,-2.25851245562017,11.2179576757726,4.42050860924902,5.77778165068393
-0.341757711417036,4.12992650803441,0.384582372255542,-8.05180364033968,2.9876538337124
-4.5100141942424,-0.467393762115021,-2.16427492111304,-4.03872239139023,6.76149899828123
-4.9906911083719,-3.90706614080326,-6.44787500522504,0.349057000362915,3.17305014268802
1.82784342201524,-4.32848326312938,-5.85615775085859,-4.47145039675379,3.58832721834885
-4.8789860263757,-5.95529754268888,3.99070198479192,-5.20559574612671,-1.2628889601253
6.89521679347866,-4.55517823321089,1.71698028333183,-3.75899009215602,1.73301693827133
5.25798776314523,0.2017763086861,0.688997589044865,-6.29519456602501,1.93099096350913
-0.265303957979548,6.87510887200263,4.61394418166579,1.48548270132945,4.53920681473687
-1.30024075194984,3.82618638399029,6.64295091713397,4.36637950822087,-3.13915390553764
-4.24891614475607,0.93960395626644,6.72848736669287,2.70628494065626,5.02989757654112
1.52853084034263,-1.27930661643612,-0.180605649821753,3.12204751368692,8.69325279092134
-6.33837651766086,-0.265765568395787,3.08864249020609,1.41849960079604,5.93182892481757
-3.54251899306517,1.32434045580617,-2.5560172955295,-6.87054795976532,4.14113248564715
-2.78671663543509,-4.20869785055648,-0.404913812225419,4.66283846173677,6.30068136874332
2.04067778281498,4.0341797373809,-0.803957897669533,1.87756101153092,-7.67624824370642
4.78152699510419,-6.32287667193029,-3.82816401788132,-0.409308035212266,-2.35580238639104
6.80208493912722,-0.600461892585594,-5.98907221543287,-5.16857296129934,-3.62652421879636
2.02645798830962,2.40567467969608,7.89288418557675,-3.22988244461745,-2.77281803866592
2.748592520885,-3.47814715679647,-3.50152370175491,-6.54484449166265,3.02048299109826
-7.51515722503211,-2.23386515665056,-1.48048564010594,-2.20619976953082,4.15754730709182
2.15718223092472,6.13465402550151,-6.98249493217715,-4.10768839536956,3.02978722841978
-0.0068793446876392,2.89955890770466,-1.15808350156344,8.32975813904664,3.02579416840032
-0.274161561143431,-3.65154309938972,-7.69917074151499,1.02691180421838,3.64245523651603
-8.06554227342664,-1.11936310754993,-3.15683910092379,2.69196774360744,-1.73765681967262
2.22474500897711,4.78126884685346,5.87888648996407,-2.79235428279929,-3.28112378813972
-4.76201154527819,-5.85020061327235,-1.63194341628218,-1.59631493265551,-5.80706351855504
6.07577776939697,-0.556813935527038,0.461970916563437,4.98818385888975,-3.59398552409468
0.0117958639090041,7.7594520345952,-2.16735008649581,0.720254676027741,3.74353226014764
-1.30524529824501,-6.73680100848655,0.409456099502204,-4.90407048328707,3.60823639912466
0.382703435681611,5.02372180924577,-3.21041971668233,5.11382509229223,6.24485238586365
-6.75857474397374,3.24423887172689,2.17800130806732,-0.405752813165404,4.82824624869521
5.56206594738341,-4.29526152926587,5.77848156666495,0.432607833971992,2.35205682640161
-1.73732891885402,2.96583772926909,2.09385930347284,6.1983513442103,-6.08812112150691
-1.21304188190862,5.38176299460402,-1.29043566681722,2.83426158283298,-8.52744653844867
-4.05430637308613,1.59195198603237,1.30246547355134,-7.75364644530622,1.78934903483929
1.49331439731828,1.59673287219888,5.2299291364591,7.01692753237185,-2.46257793823673
-3.27014249193922,-2.24194661717464,-0.0868029919969242,7.98637966629559,-3.58685005301775
-6.99316646215753,1.91434080472398,1.21557116389767,-3.30933442640262,-5.5250954586127
-4.15561123144556,1.89129377735466,-1.84262385216733,-7.65885441502813,-3.08059642866464
1.15167767901325,1.74068154227543,-2.12044371579415,6.26450965852594,7.06836247169797
8.14484914080419,5.34028805054876,0.707056948901898,-0.312161927134284,0.818313943310876
4.72553124651248,-2.02659612953674,-4.25894441346281,-7.20420366068283,0.472397848175395
4.48386944743432,-1.68906312325061,5.08396120270138,4.92330917222224,2.47527937877799
5.00222085277454,0.915113301048074,4.52832137571436,-3.69809136386331,-5.58961599002617
4.51431895689865,-3.76278070247258,-2.29114693540731,-5.10021053529977,4.11712729912288
3.04451067238098,0.632138775196523,0.346464464923979,-1.74030571875959,10.3313221581183
1.7142805942882,-2.41000495412687,-9.06550729167342,2.54665631251614,-0.712950614659104
4.14252161446121,-0.377311789290337,-8.82339932725203,-0.00156420558430386,-3.66811603539186
-5.2305110960598,-0.244884912928843,-4.0595557864705,3.54918296270795,6.37483282964767
-3.56204763922092,4.77234354129901,4.78319475503136,-1.89335862238706,4.25026664535844
-8.19827137466837,1.08017138417929,-4.01996830240353,1.45625837565218,1.02821877300262
-3.43636417191694,2.94035193039507,0.689962211935073,-1.71170969425636,7.81652788623269
3.03805495825254,4.23767738665788,-1.40503794154128,7.63413936396028,1.37979580169174
-5.90513023435639,-1.27352148718634,5.07953269329463,-2.31541571343999,-4.48984294113761
-0.860997592355731,0.735913704083642,-1.53478403693097,-9.06494883887233,1.83028756670676
3.43114217896666,-5.66470873914418,5.33670862405295,-2.33903721610531,2.52406403273017
-0.0568537733941747,4.20966451954699,-6.29167823384444,-1.82149183452268,6.71381369382196
5.936306517787,0.673263916199076,-3.57496782834828,5.79485896300259,1.12211432885133
4.99421661385709,7.43177392686407,-1.14492266897496,0.37835176612965,-1.01540055277907
-1.7277245160299,5.44913659673275,-5.57252313318173,-1.2828070829653,-4.73255889326131
1.16429721992314,1.54143037485026,-3.36058676500512,-7.59696051447188,-3.21300543342388
-1.92912532974198,0.886676982444449,-2.7593370353737,2.47673657932335,7.81073604434602
5.45052700078329,4.75656270288614,-0.982789029090077,-5.94030948351947,0.061879768574617
-4.46759181216199,-5.29334530267558,0.234483011228136,-4.77390968854381,3.7018664957163
-3.22799711804973,1.11845925438314,5.28879104577082,-5.9023423482906,-3.08544986247538
-2.79970262801662,5.13748942185496,4.15926501122363,2.90169163799106,-5.71516949022466
4.91659543151903,-6.79253855016892,-2.12507510163042,1.21185522395403,3.08452274759199
-2.09457489654896,6.79088500819871,1.79778341023372,-5.80035888695967,3.22098229535432
0.227327360295856,-0.595667236484619,-6.06600469912592,2.46163046997181,6.96999684101629
4.67933356044561,2.59929020821554,3.82218541624214,5.93231177712949,-1.65751414667407
-5.1693891306011,4.1204574553601,3.12464313240308,-0.302851551232592,-6.73204642681119
-1.29251926308261,7.371028721716,-5.14615527274912,3.08151299866486,-0.157825161382759
5.67157080914895,2.19456019531823,6.12936214073543,1.58112906196225,-3.33931489943481
-4.62447131786915,-4.34573463240498,-5.16734157055343,2.0765231265044,-2.99503501655413
-4.67473060584486,6.03941702341426,1.13778274784999,4.47827722742823,3.92474299873367
-2.53055961406032,2.99448210560858,6.84846075613815,-4.10211225512682,-2.23315326624914
-6.93449707575023,-0.2406653496944,1.37219768225354,-3.41277311458978,5.00663833427497
-3.16791793457047,2.88385711544684,-7.37195999020717,-2.96015095527766,3.84682887565703
-0.924507202929457,-3.79413131008985,-7.17243595414827,-2.66802662445735,-3.28512763861156
-1.15592941059033,-0.191607786517331,8.85089826748253,0.954362784985707,-1.34737795782148
5.57002054252158,3.45224002336394,1.068621116567,0.50839865299074,-6.4009037191811
2.41081235361607,-2.39801284373357,3.00024220665526,-4.55422104632668,5.9689540539033
-4.58184304046908,-7.13434988551219,3.14054790179209,3.41327609513108,2.5346454427056
0.20476060722382,-5.71798319179172,6.60769539231071,-0.411152723769539,-2.97416798551415
-1.8749792181011,-7.34811513545208,3.53400878865759,-0.913004592609291,4.26037332125356
-0.168844491788736,7.32455232260182,-1.55192695713307,2.03816626817513,-5.33836803013202
-3.71367641358217,-5.85898474697986,3.56763692356552,5.0063965046414,-2.34969189178031
-5.51724401757873,-7.21248269286993,-1.11711421661819,-1.03100309367755,-0.30995928265687
-3.18039258627862,-3.21235331370662,-5.64452945325806,-1.38719356275476,-6.27585978311118
11.7531928019957,-2.00213315607543,-0.00944357554589539,-6.98398525198974,8.46694739847286
1.66909538236383,1.14748774790697,6.5573069358762,3.93322423080326,3.6626784817331
7.05007810114116,-0.01950544785444,1.12633237827786,1.10998884317181,4.64688685606062
-3.52944782784017,6.40640937366531,-2.21468434206058,4.47953964522256,-4.37570416038648
-1.01353503288751,-8.20573824928621,-2.43835338565403,3.35446056451639,0.265736661374352
6.97364676496135,-6.12085846194597,0.052024968733964,3.31697337340678,-4.89868851574002
0.117768705349004,-8.04157308347638,1.30461107451119,1.02424719335126,-4.28006784933707
-2.0815258381592,3.48114690173688,-6.62061436482913,-5.04892990905569,0.80344527576248
-1.60233791869679,0.206917893988688,-6.90655062803519,3.07189888274409,-5.1055209229597
8.64790652471032,-1.52972803998342,0.0941990889258463,1.87023115727988,0.291151174540159
2.8064432090038,-4.24601403223379,7.54761461061027,-2.72676761522696,-1.4770211754112
3.00748824814694,-7.36205775963953,0.545441900883363,-2.10657171560933,-4.7435154199004
0.762895370086613,5.73058043182884,-7.52461303230305,2.42322344702899,-0.524943262191023
-3.99478269563481,1.05631908017908,7.15592298737807,-4.11099241762819,1.56722728939446
-0.262906394930626,7.04579611014206,-1.7138671036747,-5.61918087388972,2.14429814225829
-2.21454683338783,6.40825556040527,-7.2656029643043,-1.09624702719821,-0.778257924225721
-0.686826659516283,-4.41941513457459,-6.0766676638067,-3.57348495114051,5.19478769622469
-1.35859865267383,-2.47529863284754,1.66186619075679,-0.448740199333818,7.93174558907768
1.97801596740338,-4.11321638422165,5.39959878209128,-5.76442898315929,2.13877907977187
-4.61411341298086,0.160192721667967,2.84496671832644,-1.70449676331138,-6.79766874914663
-0.831398982853117,5.83986512476921,6.44848902428096,3.08662664940157,3.07967337061906
5.20528735849002,2.90118087214892,-4.75068964072715,-3.06859960498513,-3.949817942846
-0.657318728520831,7.26553921368449,-1.41432605211627,-4.52432032877273,-4.8137751663252
1.442996626737,5.27574261152051,0.706102878425631,-4.88571607881087,5.23607342539089
-5.28586667919763,2.28278706655817,-4.3688633535655,-3.52408637335544,5.10803050675383
0.513608226147245,-8.16595647474188,4.00987121474454,0.0717459373228907,1.99797295545306
-3.58432285869041,3.59281843905184,-7.06625972922869,3.87545762645828,-2.40526659650591
4.6259594400062,6.59222260598169,0.355075304998405,-6.94543699191446,-1.98571399045793
6.3099669922161,4.65863495296588,2.76936716949296,2.86662936142718,-0.302169104963392
-7.54347221446785,-4.90415398310379,-0.740746610103403,-2.20896610677542,-3.04658500709502
5.37608572460653,0.411924943129629,0.869727762939973,6.04524142847177,3.8601776373484
-7.1756925168051,3.03654959752005,-1.05743275184949,-4.40087473283195,3.66502367096174
2.41429099026215,-1.76046633718422,-1.53820013894792,-8.84933534724302,-2.67772362760765
-2.89765862485546,2.86769096078952,-3.99540790345578,-0.21778159117442,8.43526808171255
-0.720990964504381,1.72145434981585,1.48427624192604,-8.60058346259391,-1.63409793155828
3.52564791305482,-5.34997978052815,2.29869058492657,-6.30514113384234,2.04998465329067
1.91255818286278,-2.10989702179358,1.04516425095009,7.36080447961369,4.91339530440496
0.36329290083076,2.14846913676182,-5.30931284060697,-6.95885932840737,1.91432408578163
3.48057049660344,-6.4401681975321,5.56855884316785,0.52102208412395,-1.80008264587172
3.23613603646337,-5.41902909223113,2.73839557448021,-5.58174795222851,-1.92456967981885
1.11049257623572,0.538334641037992,2.39117959666983,-8.33235986678967,2.68013953624701
-1.63986315093655,-2.66289085207273,-3.11566038480498,2.41633570797358,-8.45593744561423
-3.94491271152857,-1.69909279122884,2.79822918430719,-7.00249304175043,3.4020393014921
1.84975597182699,1.77224719739714,-0.470590332169938,-2.32575096303059,-8.80732043744346
-2.48426264988469,1.73230191192577,4.26520319370364,7.16954791037868,2.59266336514884
-0.841851939359076,3.84017049067438,-1.49043556011522,-7.45061470292774,-2.57273406180229
3.31562927426663,-5.33500317537361,-2.49001754537325,-6.04667617569481,0.531671199053388
-7.61212269311155,3.16653515130858,-0.710687870196453,-3.83577911181071,-2.80583204191371
2.3930243162682,1.28712098424676,1.63130179862087,0.850685111975716,-8.18446526518644
-3.51880243110322,7.80143671809769,3.06923009153431,3.39641367200799,-2.05782344296116
5.43898760080732,-3.88196668899749,5.83764546352747,2.3139397240991,-1.8065572121873
-0.276777670914948,-6.4760175676714,5.8687249975202,2.62743156238652,0.689761354337807
0.586683369795234,-5.6971394767495,-0.439688637981143,-1.83636003648635,7.43468090992261
-3.28098701995578,-5.18447335063239,-4.52206294458333,-5.13679595489129,1.35204082487497
-7.86274747723502,-3.44059978194159,-0.899840424304495,1.29905595783845,-4.33960659983728
-4.41897430485792,6.56096967787752,4.06119105034773,0.305399638909048,-2.76580098833483
-2.25624970044769,3.4000228737986,4.89770169032767,-0.832759017326799,6.45573533543782
-0.396475936648548,0.932726855842374,2.36968202266906,-1.85607329827651,9.19601034361212
2.44181639389812,6.79536404216066,2.01731577955365,-4.91362970538829,0.295748395367125
-4.15484202082739,-4.49938531160718,3.55065462090874,3.23700826408506,-6.01169857753099
5.48438335484389,4.78751061653661,-2.16961091287706,2.93564325924995,5.27756559750702
6.81881793795916,0.268289618525952,-4.80272354230653,-3.91028316802229,1.81332044638592
-0.116643014560698,-2.63829568234648,4.97735484183745,-2.93497750561735,7.4042434448697
3.63455759659192,-4.43098667282161,-6.84346818222509,-1.47271267793448,1.97168179925382
2.92656338770892,1.13971438957894,-7.15372352413093,-4.44719035694964,-7.01561958315511
1.4298951433505,8.01147210642383,5.70198402987271,1.3801833743205,-0.194163088069815
-5.76842451183517,-0.202111701904449,1.13579745766518,-7.08774857630801,-0.20404878619042
-4.94159018896493,7.07317776871562,2.0902722615821,-2.39611129932938,3.34173580601654
4.32294224468335,-2.40055611364199,5.4140414476797,2.31475622725542,10.7064470532693
3.02010481683587,6.9972920167804,5.56395371876554,0.434556792658613,2.0736129260073
3.72906840938109,6.17639935281608,-3.85383863573546,5.25079805850414,2.46757431013069
1.92726134972825,2.05500005072622,-3.91308485596749,-3.36851465194706,6.72579752023822
-4.88268722718495,-4.63464847044898,-3.17122232466836,-2.2960080245186,5.94269779387373
3.25277693853404,-3.21051801818816,5.43338855761621,3.787793357853,-5.48705932703478
-1.39754608945821,7.35965964046438,-3.47772229199845,-4.79396663773593,-1.20100858611901
7.96132078808671,4.16195706738978,-3.79512144901979,-0.202977293605153,0.491698806605962
0.426864777578433,-0.371317482608459,-9.98704649034831,5.08024067699859,-2.19915290004266
-6.03243171103097,-0.354051534520774,3.7748887936574,-5.73670504607404,-2.9868926054995
2.97785045319109,7.1020987792697,-2.70396041370947,0.446816721416559,-5.17107991989232
-6.55572215592753,0.411841162319521,4.77297712292434,-0.602640617460225,4.71133082117699
-5.57763180651308,0.274825585027069,0.896407641806931,4.17721854362238,-5.92130234854775
1.89970504362742,7.65539738951329,-3.42917300830415,2.06214403114582,2.08407322491181
0.934703540481613,-1.242722034889,7.42834189156489,2.79877912148769,3.31207574551585
-4.62502654084858,-3.68385665696624,-2.96489633140971,-4.61295642777914,-4.68884636200188
-6.78622042455066,-2.02998395127427,-2.92151436967596,1.36616821871193,4.53689483803149
2.18315920833058,-8.42322926086601,2.79206850708286,-1.7545302425956,-1.48442434666341
1.27207402199048,-1.7338900377041,3.84791448744135,8.08333464502198,0.966931800506767
-0.650234448502275,2.03902365313136,5.78031405420764,-2.77170704491296,6.11363210491116
-4.7854979114022,0.14392700186197,-5.71752960245555,-4.3903747944029,1.17803650796216
-5.21212537155143,3.92928741522084,-0.734944662513707,-0.294767897328445,6.00319820295444
-6.04770365139492,0.995246953280833,6.29196214666017,0.846865628501414,1.02914858672904
-2.42651032995422,-5.98236185614741,-6.65246204226256,2.62582894061243,1.74414900727087
6.57674998426749,2.12179717664733,-4.69516221964529,0.556758268119157,0.946347444648013
4.823249418586,7.42452548002339,-1.86781046192356,-1.81632252992979,3.01781606145507
-8.13836211159924,1.59349704956289,3.5126723186849,-3.52167748580791,-0.547749039675711
0.193700173023003,-2.22659482072567,-4.29024984819335,7.32420532482091,-3.48504453414056
4.98281693070056,-3.47189284931678,3.88367996835267,-7.0416332309179,-1.08039796194808
1.09048826986107,3.78266471952084,-1.24830735683867,-7.66164907207785,-0.0843842144591675
