0.603750640617333,3.76358568452108,4.63592017883267,-5.56569071646038,-4.0250783363554,-1.21185958473648,-3.01237795767828
-4.6525556808135,-0.0670115091861617,5.47525087984336,-2.83979537073218,-2.47617960823238,-3.62078066668224,-3.04277018693213
-4.00064302867637,-7.05162045519369,3.44894330002468,1.02044559550879,3.34581724556979,0.487384137852196,1.75791619420845
2.10880021122255,3.29861965319825,1.36964042961907,-3.92627466334374,2.20750704840011,-2.63197535248711,6.77265381992163
-0.120536135604543,0.415432082433511,-4.34923712472145,-2.12058319933758,-6.30739064977755,-0.576506999216613,5.45337936260254
0.455129169368061,-5.00004762007143,-2.93440878293682,1.51507227501623,-4.14082127718393,4.92041337353844,-3.61178241088051
5.27676263886538,2.36167985554978,0.0568535678354016,3.82331867091584,-2.82142392424574,-2.29359435738954,4.85090440827155
0.595213081730692,2.62776767712896,-4.26734075187775,3.45916500652996,0.70788604449184,3.6820712008469,-5.41466045212356
-1.79456796227656,-4.12405139099977,0.502380913192858,-4.68219361803652,0.0988476831327152,-6.35153515746148,-0.149314342446096
0.196531661190581,-0.393483039662743,-3.62408080419527,3.99873729559147,-3.25763793104179,-3.68114491619886,5.94738520083816
-5.8818479347727,0.472378843858273,2.77249569422277,1.08951030464843,0.555840630067834,-6.60772789842962,1.13648233470256
6.63181433888909,-3.17725674680127,5.82471569283514,-2.2381787012266,4.53065607465003,1.66884315896503,-3.23876888226671
-5.03271292340991,1.41692795373147,5.60588029616568,-3.0947365551453,4.9752375833579,-1.30392714125094,2.40639552678452
-5.30323641019948,6.02479031472027,0.442512686716611,4.20012090679356,-0.973742936995441,-2.92843812883911,-0.578958330662325
1.40620123400689,-2.86225987997837,6.07018323680725,0.447593196377092,-3.95713330041053,5.73898950032049,-0.176142452443771
-4.91847471443342,-5.1839571421371,0.0214355803207435,-0.885304756330571,-2.44201598882972,-5.48849069763142,1.13646425325111
2.77218420733712,4.38853407331321,-2.72727610668598,2.8513283913474,-2.90817959613872,-1.01510122094999,-6.1312944896303
-3.99652064825514,-4.52675220586348,-5.06455104950658,-0.0936215848082519,1.27981455670803,3.97544911205086,-1.78471075642597
-1.71544750557397,0.830641096356026,2.59625169483253,-4.80052517656196,-1.75226967040575,4.39875627734122,-5.95849422990205
-1.94102738178628,1.21442958764872,-5.77925348954057,-2.98275040254083,-0.221422518565608,-4.81466259116248,3.02660951002663
2.90372763203023,0.92812966872992,-1.6482190170071,-3.45498695084824,-6.56284657410871,-1.49063132459123,2.19527861392685
-1.01455688096206,1.54355138813381,4.10418098089967,3.31144962249528,-2.90256276251986,-4.12278303899499,5.98223594866016
1.54163123955301,-2.54028138595711,2.47428154223601,-3.62380725972414,-2.91085819328228,-2.59878420907158,7.02407542171253
2.18937836383232,2.53446094738885,-0.392484333175191,-1.87940483033885,6.73367847697246,5.10586190397871,-1.54554873909732
1.31515690034517,-4.80778887337384,-0.17935556840743,0.874457400866489,-6.15910309330088,-0.226994329608658,5.75929357002705
-0.368657649956886,6.03758131252897,-2.52590362473493,4.70372414099227,2.26802761441593,-4.17239302858202,1.45199764021386
-1.7482955218452,1.38417869691662,-6.89904256739647,-1.99154968144839,4.19405480547324,-2.8566787613723,-0.708684018508915
-0.217598718673575,3.9057931165725,2.88569978282936,4.09515265998536,4.20261158181374,-3.06070090073742,-5.12238298862491
-0.520330389266797,5.66526621583891,-1.47636249996641,3.99756889951663,7.5238978074834,-0.70537947623345,0.331379120289851
-0.710109032904564,-2.97718564692067,-8.5342481686472,1.3000770689267,-0.325295072461894,2.4522611047019,-1.6377193438393
-1.91749240157229,5.29961746640304,3.37603979177074,5.74724437312295,3.57583277277595,-1.25622531907132,-0.541048618553335
2.2850528253083,-2.41158407658974,3.50460733051845,-2.18835745864002,-0.745100786839312,3.49927766307468,7.4438637790192
-1.71814863636624,-6.90759367826534,-0.864623544306541,3.48757201009932,-1.23053860539276,2.83441770826326,-4.51800692130079
-1.20343500866219,-0.799529463937859,-3.19799344706637,8.56231924420876,0.276352539124004,-0.772047848959209,1.0879147023154
-1.61234271114737,0.155587615741026,-1.02335586370156,2.20310564088528,3.93775752804594,7.76071266023053,2.25593650797187
-1.84716442361919,-5.91092368460149,2.68732742930022,3.70868654585286,-4.95186687239816,-0.171348296669013,-1.16061253061416
-2.03518876848057,-5.35669046869513,-5.97926397381242,-3.07772555131707,-1.21699631077906,-2.40522456210887,2.050535196203
-3.18783802973764,-2.04781447826296,2.45699953282807,-1.0197504867851,-0.502548338034442,8.70185082581523,2.32327005985309
0.473453998584095,-4.16728552968803,-4.48845209182782,5.97613572499624,2.14186305204523,4.02313580438757,-1.68453180652906
-3.52380702982704,-0.869943223607186,0.162053387880147,7.52874882575535,2.09616724675104,3.02128002858629,2.25137334077098
3.2137669631445,-5.14089987156552,-4.7445863957953,-0.160311394974666,-4.45430912661454,-2.95502405582016,-0.555624579258698
-4.09964941273274,-2.98235998127455,6.43314884043232,-0.461421950300147,-0.683631489981182,-3.53389609403762,3.43997518414852
0.0294781482212547,3.40476372377406,-2.14809863111115,1.98199951462536,5.7504316377288,-6.21613515310574,-0.0888289900702224
2.878152675635,-2.14901845964321,7.08154565588108,5.46070533729389,2.30479015039735,3.49017890191782,2.65932903373872
3.57690127442788,-1.68142672075776,-5.64947715048004,-5.05133558727167,-1.35824342370586,2.24208709325522,-3.49504744925992
3.27616758713108,4.22018386670609,-6.4145199316835,-1.478695004749,-0.0527905114969824,-2.89868699188465,-1.66762113858367
-1.40507555697041,-6.20829095572115,3.90635529849854,0.808318227621738,0.469205366000548,-0.23676389187735,-5.50743138329304
-2.99252829539171,0.856262536593838,2.03274462588256,-4.834391289609,1.71245826103208,5.2878524756073,-4.3766360532578
13.7063898938327,0.0947684049312759,-0.0642855690000386,4.32887312299279,1.13967498302721,3.19829076357391,-8.93382046282131
3.80352253648568,-3.9725690611481,5.98890757455523,2.41165196137697,-0.704832396357697,0.256856209306655,4.80328830026026
9.58053690055941,-1.41199904305542,-8.25848358499375,0.138096821242793,0.0723511049918864,-8.2883813482068,-1.20466344501771
-3.9475066245829,-0.376228353562048,-0.709657225703619,-0.341988625851689,-5.28429664065909,6.78911630133792,0.548242777784473
-2.56910203816153,-0.1611287421647,-2.85103066926939,6.37541373003103,-2.14879745765673,3.95777601503312,-1.93726860833125
0.920838861877172,-1.02139139539983,5.00934893753846,-5.97755850355447,2.39263318416716,3.02052196816266,3.89578189425607
0.496190547381962,-3.15046329824958,6.28683976111913,-4.78105168824747,-3.35377999732608,-1.58667831385507,0.683952186998457
1.5720659355224,1.57515759279519,2.14140240283457,0.340526260737996,-3.56722036617875,8.1803307788973,-0.658591343647622
-2.37835535055663,1.42932347594486,9.12439019694101,-2.52464206898972,-0.125454587071091,-0.931412467165849,-1.32224810758939
-4.35047934785292,1.53778084437088,-4.07353360824963,4.52977391563588,-0.325293042466671,-2.61120136951274,3.88541075638594
2.74326751454672,-3.80351167672771,-1.62665882821281,-3.78640585536381,2.13849209450048,-0.774992916366888,-7.47422628239144
5.83265184413062,-3.32959793157012,0.384197406185788,-3.60765457799779,0.575616711988717,-5.30864001065106,1.72127004723221
-1.19210054781073,3.49186042699033,-2.02509400288893,6.21693455304861,-5.3822256354227,-2.24712177386971,0.25197241930264
-0.337272425796066,-3.99220178074414,2.97128486410264,0.875315981062318,5.08586511201528,-5.72257771791741,2.61315803174859
-0.102092112564332,4.94922764890989,-0.057324828739139,-6.6940575353521,2.81238786188533,-2.39452962503562,-2.99781874354518
-2.66944831593991,-0.963892949107671,-0.90807209936721,6.48773564691788,2.42264759505498,1.36162961197445,-5.50786030426032
-0.821275348312945,4.88872176571495,1.23033059165686,-3.7588289349468,-3.97385450265826,-0.256184130320568,5.18033300140739
-4.39328882403796,0.230093091869564,1.29836127941126,-5.56098878415604,3.61156194651011,-2.70048064628695,4.50295574489207
-1.37419535581941,-6.81503840043023,2.62830894031525,-1.61085109509747,0.835594521111155,3.87802683584174,4.1181659948784
-6.27025138502912,-0.483962521079377,-1.16819550776055,-0.636635132762029,-6.59270150661567,-0.549940746223351,0.775533182609456
-0.504632920739369,-1.25780957406993,0.895318455273021,4.24599295215209,-4.42684138067504,-7.28186459645069,-0.707462707355131
-0.238953521218086,-2.58929724510274,5.3768537161633,-4.3926651252011,0.817147668558026,-5.45856959894075,-3.24492952196502
3.95987741329613,1.16037368795786,-1.2914842874901,3.75412551974524,-2.34889874566625,5.51043559637359,4.15584925102022
-0.108912978415598,-6.21715541529134,1.2773178607786,0.515031298699678,-6.72389948120859,-0.748704447788352,1.08156975238751
-0.717067502199065,2.31539153447527,-0.433547798556415,-5.13621544396794,3.32364067863805,6.40110660601841,0.105965698428341
-1.92273642264573,3.2165691334703,-0.700289381360797,-0.394038177307837,4.99536398824818,-6.49390577872934,-3.08221058106964
-3.57575491025775,3.20114250794575,0.571043709482218,-0.829927177126833,-3.59967956279082,5.81295116479802,-3.91282974885406
5.48914445886714,-2.7913933721519,-3.37566704520119,-5.47583535049331,3.90489416375373,0.180969134212773,-0.385754747568748
-0.691328745634631,3.67335087472245,6.21267992869695,-3.06314141007229,0.931095791522933,-4.49785573027319,3.78338300574394
3.665094535003,-5.77473848702174,0.737108057004744,4.73569151023622,-2.68086043139772,-3.90046096572851,1.6914239745423
-1.78568599906769,-4.49244878515252,-4.00338075787882,-6.74212167539752,-1.68508814784457,3.13595333248447,0.0170983946727239
4.86908428651375,-1.56476639720483,-3.14380628395732,-5.57191716709148,1.67699327002558,-3.65322765069526,-3.31354554479
1.64499516603222,1.78102186830674,-0.447910056009848,-4.26907955238891,1.02650566435469,1.96523330027788,6.8867594059498
5.71473684679507,1.8329309106557,0.311195840980679,5.55055671346731,2.57688702631155,2.02960643707114,2.72698386017865
2.39352143468954,6.16982113029065,-5.12470295651904,-2.57083543965186,-3.79212779481063,-0.465191182208917,-0.0295661816759918
-0.584179123458395,-1.85713138557885,-2.45114610581152,7.91001462632216,-3.91426527058256,-2.11946638911648,-1.29478153434363
2.45309697617485,-0.906823490117544,1.75779396034174,4.72769383262636,-4.93770884344755,-1.05586010829422,-5.60030997122249
4.04697053772972,3.38681488064335,1.69203795780944,-5.69741560867798,1.4475369811745,-4.40124297432332,0.0816221191020184
-3.0038426326574,-0.81741682464452,2.27437097195181,5.80967530950057,-3.43035158412828,-2.66024739278357,4.34469263410096
0.298728225023887,2.37821927263632,-7.83764385212103,3.46089129069587,-0.893117967030729,-1.45146058006103,-1.68995610763341
-1.86202745914513,2.91086236567541,-5.09422321752101,1.41043348443878,-4.67387342547862,-4.71027034091344,0.0513840100100215
0.6939718073005,-6.42501722971825,-4.86621642521341,4.29977990768867,1.29676233327435,-2.88158860060607,-3.09958201725088
-1.29254176413596,1.82443130144738,-1.00142645233587,1.11223236029633,2.07111957364482,5.07853617412693,-6.86093071418829
0.334459716226428,5.54952502476006,-2.2468164374303,-2.28651657287178,6.95089106827969,-1.89162340382651,-1.53578634798639
3.73054519171992,3.19809415741361,-3.61185642853137,1.69023908855287,-4.83616316686623,-4.89314333891355,1.04939029372083
0.717281074635696,6.61360768079877,2.23725207654525,1.22206720871445,-3.37733581082798,1.82485257613423,5.59231038429837
1.53296744926083,-1.05440992715522,-1.87573751128706,1.83948515223509,-8.3717835956358,-2.71185424265429,2.21455481196984
-0.56570032251176,-4.80176063030574,-3.21063680903008,-2.79817752723675,-1.58205403898155,0.402636290144776,-7.36326121108351
13.5402756109945,-2.82903543165927,0.853500147174241,-5.45326237162616,-0.104570433932097,-1.93456502578775,-4.46691780730379
2.87237236428846,2.86738966103557,-0.909284265901227,7.47744288727772,5.42509539102898,-0.172862226005183,-1.09399517691067
0.541821871418387,3.87747897147428,-4.77320036560095,0.0760911732086774,5.48833091824166,2.39928315938551,-3.77627136971007
-2.0922858200723,4.96168243345609,2.70447875181703,-1.46994865935251,0.832672681316147,6.69958077740984,-2.38815509436878
-1.36237645376102,1.60510364634859,-2.68256268166184,-8.74217811045355,1.4410843998299,-0.00504319149765056,3.87108524393471
2.45220466689325,-5.57239672014327,0.108830164001244,-2.24320466393334,-3.4657215818584,-4.43882435031336,-2.61116141948543
1.04089521971918,2.45696760196589,-2.90145648323006,-7.24744486672281,-3.91589620462,-3.97815101828057,0.984456317127927
0.0694746914153632,-0.0976687104065326,2.00523166894904,0.266077867399334,9.60692682030815,0.36140514755168,-0.436846551541519
4.23696616941904,-2.6825930625788,5.17569438577941,0.589950209994035,-7.01250673148118,-1.68579520230873,1.34381217572869
-2.74909883176597,3.60491575178026,-0.0670636797165113,4.64091825909806,3.43242580243495,1.49277821338387,6.00630134934255
1.78059019672537,2.9801381294461,0.859306329666915,-3.54190512962113,-6.78379301690616,3.58695273212203,-3.5643164845874
-0.778293639868176,-5.37551429280497,-0.992963070837764,2.21999143867922,-5.1323080305898,-4.41442120636865,2.06352139238277
-4.30987086030623,2.19822764534635,1.94554057738243,-0.30385843682379,3.99586310175646,-0.779838708647036,-6.96101778336594
1.52412988388247,2.2262439293157,-7.13858312930337,-0.481560051975959,-2.57731524523776,-2.03210682125832,5.16654489461807
-5.00934601287077,0.666487753011616,-4.00473069666753,3.55408663926547,5.39926086373127,-1.62221806881112,1.00149529906748
1.94207677849841,5.39526894562931,2.40821268949418,1.6576293558928,3.48788372725553,7.55545862391541,1.54364708185082
-7.23226516696128,-1.01102816555929,5.67603116873586,-0.301260653088587,0.0620167096810791,0.646627750868567,1.05982040108153
7.64247517211222,-3.58941828681892,-2.29540109050336,-1.39109390942453,1.6808725224482,0.72908815561164,-3.61780804644973
-1.58490422136933,-5.61772472733262,0.44789432579261,3.03153721790673,3.35557437524852,-3.55042093451716,5.43435096492775
-3.71751153325024,-0.598924722587444,4.46977280436415,-2.36322401396863,6.93044730866798,1.65973420231505,-1.62202888583947
-1.23691443008184,-4.96928993465646,4.18821694302054,0.0952011677786294,5.90746394513825,-1.73913224305493,-2.35307194724107
1.39196597911386,-1.77668035127407,2.31861028157558,-5.7705440240725,2.01896279388677,-5.67265616001729,3.21379810712547
-5.12650533148571,1.72624573363274,4.18854948072377,-6.10986754163232,1.35134144302564,-0.364894726326421,-0.315131227096103
-1.83273871530242,-1.52061262656349,5.0292343829034,-6.37537967967403,-2.93020095391161,2.47389038579276,3.14299606213483
5.70407329539833,3.77397600517233,-2.24911945477819,-2.28966344755371,3.03125928027756,4.5977239596243,-0.97630785156144
-0.791050509502714,2.42586239846762,4.12983713492017,-6.26645351413868,0.393433157815902,-2.16796515765301,4.73137835127204
4.65604901001665,1.02200175459481,0.628814234709728,-1.07078890595572,0.716977701706027,-7.93161251775703,-1.33904847489103
-7.28680150624886,1.38588775986586,-0.589752311903222,1.87160261799111,-2.26077935849342,-5.01607828468799,0.518604734908449
-0.521897426979139,6.0511902130405,4.39723494362986,0.644509753463507,-5.08708323597094,1.4848890651432,-2.79529450540259
-3.52338215247905,-0.32964349504241,0.265186322051959,7.05235675864883,4.80462907569101,1.6755848114505,0.328809733718605
1.36651033875999,1.18488769652896,-0.278791178999922,-1.75480513327547,2.17447351479378,0.579698118976516,-9.0489826655499
2.15946918449355,4.49699245255739,2.37654567774736,0.797179697058268,-7.12393205397133,3.10009064205397,-0.666463813226287
3.77745159751973,-5.79430638069138,1.27346148141578,-0.0978336957348371,2.32194919055745,-0.628642340755539,5.78171442749842
2.43605471089604,7.13553440604023,-2.21118629428831,-2.70678236561915,0.164518463978656,-0.352306784720925,4.43971977944857
-1.29136034477892,-3.19758858407018,3.55667780434132,-2.36433131077685,-1.82954186309318,-7.47129221346548,0.0577448548427365
0.657072937009245,2.61887744130429,3.93000293994116,4.95911540940939,5.85961785987886,2.34562487359383,-2.85235634932851
-3.42986508594526,0.345242184821301,-2.49066345931848,0.912705000242444,-4.16730027571878,-5.72467348444179,-3.92913257170111
-0.0798290092150436,1.33783340049717,-3.04293475541825,6.34966985568052,2.00508451209085,2.82392125956744,4.2571452755912
0.525661448870752,8.41211262629679,0.898766081614363,2.01940318864922,-1.69446758503145,-1.53818354753149,1.44909354394765
-1.58699969817736,3.10328129751033,0.399073574209804,3.46727235676793,7.49513377413589,4.44223510846523,-0.608267654206196
-0.109906528904618,5.73071808706733,-1.9168241701245,4.54748304890488,-4.55301780012074,-0.395621666694306,-3.26550021048706
4.49416861919004,4.16013729270359,2.77037359462045,0.43949882493109,-2.47784791363739,-1.10091103536446,7.37150594271352
2.03546250716321,-5.42979050621965,0.538935112986095,1.60076348542847,-0.364936543930346,-4.73775903774743,5.65069117963403
-1.12091774590986,-5.08973703557838,3.18312672886474,-6.43308991324791,-0.299647730347533,1.91080143410365,2.44923386610038
-1.02698663679217,-0.980455210407613,3.15822611126962,-0.295250328697906,4.92995394675739,0.536826410946903,7.59470323159195
-4.7478857380447,-6.27286241777284,-4.26553969954766,1.0246190206394,-1.3594939603368,2.20525903199238,1.40775849128815
0.605237495725367,-2.77251587581185,-4.31412455827204,-3.11489633161429,8.08521075752473,-2.5704485585087,1.37946707164685
6.92158300077187,-3.18881491036595,-3.91733089845948,-0.959448037414224,-2.00958107365463,2.72214446201816,1.87685072644604
-2.4698883341983,-7.46348847681555,-3.1139649177857,1.63094158588567,4.66111405141861,-1.07481462580108,0.965136050041438
-3.0695989938974,-4.97803895614962,3.43196805356873,-2.80848614624288,-3.9347131486014,4.61412138696795,0.575494967756053
-4.09394143235408,-1.51489631008041,-3.5560294020528,2.33065134724875,0.893488833425546,-6.98743927888003,1.44550023155763
-3.18876379520893,-4.88730176432058,-5.36372367501926,-0.868666243167117,2.94815855605708,-3.24068855553742,0.225516398565314
0.266500198213397,7.94650130739748,-2.60201963033384,1.91377321220633,2.76449774487741,1.53763834206629,-2.83568809755796
2.72917475334273,-7.93080684493103,2.96022295507063,-1.79718241099329,-1.01987549906374,-1.52384122474295,-1.00276013763104
-7.02157729801455,-0.690183228657895,0.249075925459233,4.94224634552962,1.4948582669481,0.325129953047922,-3.06106835002473
-0.215560070896447,4.1363125862763,5.92960867603446,5.17157029523999,-3.92454469027757,-0.195929886418674,0.2573195745426
-0.97912604251574,-3.01061863295147,-3.9331053181853,-3.30510411836181,-1.47143877182401,5.52209382261482,-5.03955722793536
2.60984222251122,6.6058187113198,-2.76994871253193,4.29863074179885,1.0234124200247,2.76791033788758,2.0647889368045
-5.73362130625345,0.720270083247572,0.779522694076225,0.52265929241777,-0.449442219015924,7.59613697025579,0.751120990847491
-1.23180281125807,-5.41973607087294,-3.19029759223888,-1.07847265730814,5.56074339141899,2.10986208817588,3.41040824521751
1.29672070191293,-4.99004038362061,-0.526566718794333,1.55135496745369,5.7991268736773,2.19938742234192,-5.682974063229
-3.97704625895642,6.47874280384583,2.36197901519222,2.31823771362529,1.15493755425366,-2.5506777948214,3.55549451474614
-6.86842063246936,1.69826498979811,-5.65499243782771,2.88067759499085,0.121454022598204,-1.29845067127648,-0.968201263802195
5.68871470954593,2.45780197872969,-6.02547888229317,1.12292727724024,-0.693535588200059,-0.623160354229014,2.05965755141176
5.81649888195674,4.57044119616425,6.73608507762332,-4.65188878412352,3.89809124464727,2.18439962289937,-2.72643958705753
3.5155991940351,0.0482188254984535,7.7924978887446,-0.182634596306461,-0.482233279262792,-4.40273881360233,4.61681648199301
-2.24741090196925,0.504455408832155,2.14594954260557,-3.24492557819224,6.77070822829355,1.62414770101291,5.66851386696321
-0.213467753544807,0.87622963257332,-0.682481228372045,3.48544841181842,4.74961053593639,-4.40044601804987,-5.28100113665341
-3.88306573215991,3.6924293566275,-2.30396643572657,-0.694807407990998,-1.1740475967064,-4.7210017495455,4.09677907238003
-0.0799557093607576,0.495936409950424,9.58988680552069,0.577800744777888,0.867580432062468,1.63688290047865,2.96323992843274
5.99893537188004,-5.05276818930313,5.0673069401221,-3.93581102728123,-1.95156113491608,4.12936132970052,1.09030288352328
2.79815204069839,-3.94572171265873,1.77760336935379,-1.62077246515184,-6.46016811379451,4.22312548723842,1.62566878718022
-3.14300312051581,-0.0600313472671205,1.07059475657935,-0.919085764818963,-0.574508675823849,-1.89757039384602,-8.48706292572434
-0.170601367562843,-5.26986902965919,5.9683663882256,-2.86251949774545,1.90762482499301,3.4943086286913,-2.82500140853592
0.389090867675003,-6.61527668379289,2.27242358373054,3.9999769717132,-4.46532803051254,0.360318796857217,2.54929561773609
4.71528762568167,4.81097157038559,-2.75162511197221,2.4901865815263,5.34503628301918,4.28619176555185,-1.16957271999197
4.14769847953715,-6.38165491625727,2.45196559618812,1.41453894928717,-1.13842581807235,1.87674722085382,3.37278077161607
4.47878045274358,0.833104751494525,0.912996759507517,-1.44688372315583,-3.15703102735327,4.06009599768253,-6.02217561041776
-2.00611841616862,-4.92487531051367,-5.39135167957102,-3.23378098655858,1.69738994660076,2.92210824772224,3.15108584187899
-8.55380026737559,2.53262111813984,1.86736682206869,-0.478164503708155,0.441551905716317,0.47789887693851,-3.09820698792908
-3.39809700771983,-6.00404160549134,-2.7843422874548,1.37229083248476,5.24421634711791,-0.718416308937937,-3.55289121078849
1.75954428072378,0.430396959385769,-2.11685578339536,2.7728737633962,-7.3574520827823,-3.30605326120963,-3.19235223225067
2.74739567547511,1.24335012598125,5.06212435317323,-0.129495288608403,6.62331824597625,-4.92529123119287,-0.625842555304251
-3.13574410009519,2.87516752272818,6.27306747132768,0.112231058600406,0.809264327279134,-6.42478029844565,1.29020203763121
0.507343639777272,4.24730421221638,0.653749276012156,1.04594619261713,-6.24375931809069,-3.26005549022931,4.43998757532518
1.57844967301911,-3.82110864146702,-0.258638056938817,-2.05654116964568,-0.289416469931374,-8.29782329001829,-1.39623542026623
-2.65325362755009,-4.22551591342403,1.89302103471093,-7.11038842376924,-0.889209014572221,-2.07294377678168,-1.34360874060446
-8.4128824696099,-0.535866528370373,-1.28449278951787,-3.52558880872523,-1.32703826872266,-0.735242372147132,0.431533638310258
-5.16058086742454,-0.400455740101942,6.66003566618879,0.273147826767452,2.88291226040425,2.85065963586689,-1.9148773399969
-0.00923265129659875,-4.99725667565897,-3.39129314485035,-2.45759940508341,-3.30813878821412,6.45217956497951,-1.51418308335386
-0.170193271280184,-3.96541006584882,6.3284616881779,-4.09862427202974,1.0034692362654,-2.80608108019852,1.97517770353214
-3.42439019650899,-3.57023554143406,3.2639571573062,-5.9300087349712,-1.40454821184962,-2.18992300879769,3.45663124271782
3.76896821606595,-2.00285185179752,-5.61005895098987,-2.96224608029863,3.19380808591616,0.214529428775994,-4.21925637419041
1.99131707288594,-0.262509053380773,0.819335277031419,5.02439824463088,4.69905937070736,5.41660253548891,2.77310992959175
-0.0994584473648782,2.47841049500666,3.51499905730093,-0.0516024224640037,0.920731350562692,5.37731043392659,7.3029809552303
3.83322962864228,-2.68725297431435,7.88349161025448,-2.14045762890612,1.50124527126303,5.00820680029412,2.70628184612654
3.71985904203625,-4.81577481354695,-3.18841406458935,-6.0975010042016,0.504364239041063,0.877268468076201,4.4345517985937
1.15039010374646,-0.55564064199962,1.19379940734833,2.81348003753907,1.00148047739704,8.58006687564917,-0.925430260212013
-0.069324452620512,-6.05406296802905,-3.12950347492881,-1.47300555407122,1.61606402078208,-4.2532599570605,-4.44713723248159
-6.8934420511953,-1.31077513023423,-4.19866864267253,2.266432895828,-4.02721820741802,0.160685894310256,-0.937311987771499
6.5186382807818,-2.43564291290248,9.19125362298996,-0.646092360245925,-0.354202088345449,2.71432663478028,-2.50966535338581
-5.6265852599144,4.73679740186873,-0.637239123463699,-3.98271742954231,3.13680352852785,-0.241767634997091,-3.12308555961694
2.15416290441218,-4.09465348274535,0.915366151367981,-6.29872649919454,-2.55502587259837,3.64394298435702,2.64527205413798
0.400673818929006,-0.435739308545195,-5.38494923625279,2.91768967757277,-6.21330869148577,0.2392371430776,1.76777550902168
-2.02845524526771,-2.23947954947585,-4.23180528101322,0.536595881481602,-5.71500453711339,3.10290077759419,4.29487650105867
-2.00908170069526,0.843950874724383,5.2029717115965,6.66845885161113,-0.511393941212544,-4.05773608677368,-1.95936707322731
-2.08434811990969,-7.89509625013885,1.25803049858916,-3.84339096398327,-1.83506491204555,-0.232528548993195,0.464071930972423
5.46690818135992,-1.57334486947118,-5.48939493345734,3.44324478659891,3.11694413545136,2.91329277979409,-0.967615175425439
6.01979948025186,5.2907078612365,4.28572929659298,0.966754731798069,0.357169825334188,2.58996978053366,4.09290575555474
-1.96179148557314,1.16188947633526,1.73030855640889,3.34111566977613,-0.51910590302816,7.15645047641403,4.45510277772466
-1.36743060900632,8.68723654280478,2.21458848381653,-0.306795065687748,2.07845983147557,-2.68919823942702,-0.884310357641989
-3.78145470791202,-6.54983217416067,-0.600719961989252,4.49495995956192,0.222247678294231,-2.23714136095845,3.01221185389853
3.22347031313272,4.65418231660678,0.639638387480507,-1.77718139805656,1.51900612400114,-5.76437843323199,3.76368103991321
-1.16474375687478,-1.41570027519931,-5.13150047369672,4.0801588290832,-1.31548191747572,2.39595904436842,5.01613369090547
-0.974019672840358,0.851707629564865,-0.766548439961898,3.39188384263828,1.41244276547421,-6.86931052849281,-5.13479019561036
-7.87357551628213,3.60759579871678,2.20180937192394,1.37724026156422,-1.60566731042714,1.8119863578134,2.10149660412342
6.3579327740494,1.65655363805279,0.893175611969266,-1.42471935597556,-3.29372580080241,-2.66171450329683,-4.48940910190783
3.12989851857621,3.57515151218999,-1.53586473989623,-4.23111132099995,-0.346468307534705,3.40017608443291,-5.25222749034123
-6.15001121421799,0.205895928874198,-3.2198692232556,2.70450524659421,3.16882038481608,-4.12645262439851,-2.21588728620513
-3.47744637406069,-0.833331826187161,-7.14440799530971,2.08780753096504,2.55628927160558,1.01271323821141,3.4332678260815
-3.71619601296427,0.939433960528006,-7.05452100656469,-2.92672124643395,-0.0596893264015683,-0.478638245053632,0.198460857655747
-3.40829387921704,-1.297921918141,-4.21120971195949,2.9362378369183,1.51666545774538,-4.52258087696974,5.50162914419377
-2.95248681933384,-5.89708883012564,4.7783951767439,5.45917734478611,0.816716865202002,0.476621530532994,0.718491435646197
-3.93436847235159,-4.04786918016252,-4.68087548240248,1.43601823405587,2.00113601369675,-0.888267051744532,-5.71440912387636
3.14835390328374,2.43268790796008,-4.14513447646545,3.38554156992675,-0.732901139880063,-6.10301356069264,-0.718213710401141
-0.120366881481236,-4.57070642072499,4.50289036145073,-5.82687556635651,4.95890791429634,-0.317890569678874,-0.779643170152521
2.67800270136659,4.43694734818336,-1.81455237617435,-6.39247892050934,0.302623388166673,3.99563831810804,0.28761540334907
0.105602307182885,-0.419521829771309,-0.744103879011738,5.17881278961342,3.85023220033673,-1.47114929933123,6.63827097542896
-5.99818587499989,3.68184953926914,2.5959891221163,-0.241335044492251,4.54372944393541,2.96982161105237,-3.00276730261958
-0.841634891947113,5.02176484424507,0.833241013491865,-2.61027465007426,-4.56134809428444,-4.01249964369412,-4.51040820579656
-1.25878596801791,1.09953644470977,0.77878861519827,7.87651603921199,-3.02557192018676,0.860156981901112,4.27839125485322
0.877995663582127,-2.87787859636857,-2.61394402759075,-4.31954302286834,5.6108224355838,-3.94399554152139,-3.91738201914305
-2.64800521354865,0.943254307068783,0.111645003749467,7.95913943391989,-1.82395323364938,0.337244473252679,-3.75446967267731
-0.440764136799012,3.80785619328256,-6.54628581139466,-3.07146705899457,-3.51909616386552,0.298633903161698,-1.20855483935467
0.896898124110092,-2.3157186272531,-5.47512355033235,3.4195976600394,1.86166323840978,0.784843341806535,-6.98205504549488
-1.22547212933442,0.677858966442561,4.87106273834673,7.39774889315417,1.61589395900565,-1.5317488125536,2.73483989709955
-1.360794231897,0.803743110766576,-3.79062311529743,-0.371444086632486,6.30976505298035,0.446527172510805,5.68535196525151
-4.30500210800943,4.05237330541995,-1.65301603862858,-2.99467428160384,-1.98525578609839,-0.310511031578042,-6.14242108113027
-1.19465576341855,6.54917700942363,-1.65434741128767,-3.16584195813493,3.246879435835,-3.93293036321867,2.5596136456709
5.38353588909362,-1.06043318667586,7.74517505036587,-4.72238816166831,-1.19246431254956,-1.08955984471111,3.66907316667186
0.848835939807964,-5.28689462206814,-0.0861201802175432,-0.729212080170968,-0.298573575246915,4.07729494255854,-7.17618333511463
-0.192592502452826,6.92964608772825,-0.424782076922974,1.13202516392881,3.09688872093385,1.87977356901552,5.15575168312708
-1.32246033031373,2.6225956774329,-6.47327522331905,-1.98156149617294,-3.43900380054932,1.04212218085697,4.54843276869268
-3.12479247421353,-1.08195695857676,-5.916393940709,1.89940108847008,-3.17114133879281,4.01764265067173,1.37978374608429
-3.71698075118098,-1.05561852211622,3.48251732517444,5.64571735768749,1.6958175723389,-0.56359851560991,-5.46239413373574
-1.7854615972063,2.57736051831193,-2.42615155122743,1.63233240021915,-4.00597736588513,6.4856792662911,-4.00687329113208
4.05626091088953,-6.20256603849014,-1.37395686454463,4.16924301040479,-1.65294778116627,0.475966523158723,-6.04095076764043
-1.22372627721796,6.49831887051506,2.84215998378112,-5.37619364135739,0.178844974514808,-4.68404416381986,-0.876313962187643
6.05288846439309,1.17851752052096,3.2834939832508,5.94471567538519,2.46363157556543,-0.918542956705021,-1.90269970276316
-1.62798117103727,1.04986034267837,-3.14867752712781,-1.79865462898274,-0.423537033167948,-7.44073502515706,-3.18636624234627
-1.6907329641792,-6.81180520254335,2.45153134761189,1.76473125922348,-2.31647516486614,4.55866077745687,1.62873526759895
-6.24066478200922,-2.54884953460934,1.99546441873568,-3.45177967587982,5.41933000127944,-2.00087446145322,-0.737018886010204
-1.53826668713503,7.55457854875286,0.614458941143946,-2.91984114456439,1.5887269715399,3.84176672046552,1.5515072827282
-0.844641402665341,1.90182521919067,-2.00590557701976,-2.79833888807919,0.925465848761805,-0.685706908654788,-7.85025889951282
2.86386459585846,0.930706776001342,-5.73599712281896,-2.90735245083341,5.15313216715441,-0.0752919118966642,2.2792476831601
-0.716905213726904,3.40199887330563,-6.39202274239516,2.07871796285119,3.29514924970076,-2.53723340674643,2.6800661954597
-2.75021685608833,-2.63731280742091,-5.43446484448269,2.38034308315081,4.80569387205541,3.43086702641697,-0.198372258078997
-4.61473401373976,-0.295503082680829,-4.35245978083944,5.02107115545611,-2.697275949463,-4.0642494267379,0.155252981688471
12.0711113331389,3.17023361350931,6.73959557708516,-1.66007847793829,3.74431948657285,-2.47020593332775,3.46094841913708
2.45206367924616,-5.19663764688419,-0.526267662209741,4.97086121778209,4.35449818791804,2.86733176598611,-2.63214641943215
0.10425678827745,-4.23279181246107,3.81134081106479,-5.41099293345521,-0.558644979021971,5.54927753430157,-0.987168958605376
0.822869210223071,-0.526331928389912,0.983914382203516,0.158532392634698,-6.65411461181568,-2.49196014422711,-5.74618445420258
-4.27237388489076,3.97864027217265,4.6088794397945,-0.981524214673219,-3.40151019886166,1.17897003166879,-4.35006377925226
3.02755911720994,-5.23822631122458,-1.2509329402151,0.89080733283347,5.89613787679012,3.49111855909351,1.91207419835056
-0.283422590525799,-1.41621962762413,-4.7311824464455,-2.68770243432869,-5.24628681638364,-3.08890119095109,-3.54480303738529
-0.293625535758203,-4.31349936796369,-3.68314151237927,1.87665953486717,1.05345908795368,7.39967985522593,1.92988065261038
1.96340465937702,3.82473244673996,4.45085722262869,-6.82637206047072,-0.210097187942037,3.15532231859954,-0.753888086326463
1.6024421825849,0.372665704470214,-0.662172222215013,7.12852530092613,-1.78437005721534,-4.73342191181399,2.98545332352245
3.69758267332455,-1.63200549488239,-6.79380818303352,0.567233106650944,-1.38291832393501,5.9218178659102,0.085987212181447
4.17938216562965,4.18902508606825,3.8246882231961,-0.039510463220374,2.869684071055,-3.54155522954545,-5.10671568139247
-1.22371400493042,1.48449502911372,1.59307827311941,6.23074481787792,6.25086598808717,-1.24747518097362,3.73752991280417
-3.38513203505752,-0.219764373264898,1.00523398606031,5.36202083119365,4.11249951635107,-4.64075859450231,1.31512189246925
-3.91287038203607,-4.4881130673272,-5.13380924418572,-3.16514335147754,-2.83235799341823,1.72396901813802,-1.16396801531549
-3.30212877960471,0.0733468180396116,2.43232086080506,-4.51741641779201,6.72806924773948,-4.82693833372614,-1.97585966665668
0.713277572444437,-0.508620526512672,-0.709788087838776,6.02283476640523,3.29612920771121,5.06809967352994,-1.81930703099669
4.52567852294634,-4.26996487497354,6.69011013190096,-1.77764699142535,-2.41784312022761,3.34800950082752,-4.99308480491324
-4.03440936816374,0.19717087939523,5.28309093335227,3.19234436909348,-4.32278075693201,-4.17661306657901,-2.18222782797939
-2.71376262074472,-3.48782741001406,-4.16037662105007,-0.0547302465774273,0.313458692896881,-1.40606953068635,7.08181928507717
-3.13046271102216,5.76139985548982,1.81815081946026,4.29349344619934,-4.55207273429201,1.98478869297557,-1.50272393875064
-3.56996951228775,4.31760361029166,-5.08663346559749,-0.371105310061565,-1.5498638643502,3.27154256395854,-3.35356998460934
-1.70239168943598,0.529534559267563,-3.53604931112739,-1.64257790861595,-1.16237484564966,6.88309323311348,4.31260065128533
-5.93597223737844,-5.29370950429485,2.10021069772069,-0.80244069692739,-3.13848721188377,-3.68330790042845,-1.71353764086732
6.99303268119131,2.64653504157264,-0.87860184560842,-0.203042313340157,-4.94172762631326,-0.153643122930773,-0.312127299055109
-0.80716045228172,5.28519601267677,-5.81288821480418,-2.15009749661864,3.8565011601594,2.6351238729709,0.455257680310897
4.9980606645835,2.71454895579135,-0.686838340091287,7.17440087115551,-1.69251728507871,-1.64430088686864,-2.14298991420247
4.08065768228994,-0.824721609619107,-5.25037230237715,1.49638406181067,-0.77817591701347,0.188271901096489,6.65852939685382
1.41246572707815,3.9088822023718,-1.13440541733421,-0.529284458528711,-7.41340742225386,-2.47295442702475,-2.66070863034435
4.45439634213684,1.86212467477545,2.23529840463983,-6.13881233222619,4.6530853015882,3.9740095868111,0.884641398958332
4.25643786244131,1.36385565128408,-0.631085704366977,2.79959442286305,-3.80912903888955,5.21920638381041,-4.79827416717899
15.3792233911274,1.89510677760788,-3.23678468530746,2.76951291651298,-3.15347614931229,-4.94376844663392,5.28928503663827
-4.02487718032003,1.32872129381736,6.13332070009592,5.51632008869787,-1.40822751788308,1.06244457386069,-3.36322395703801
0.851617019776696,-1.74280374432705,4.25345307802083,-3.12201247414355,5.92943333395414,5.46159640905102,-0.267958486209213
5.20395476963373,-4.99210272707893,2.24323527469864,1.31860462365241,-2.0660018599299,-3.90375079754587,-3.90571755685205
2.54341408026233,1.699740683124,-5.85713130530304,-0.209646586521828,-6.306694854882,2.12677307858706,0.5236786379395
2.57496902393691,7.14404614045531,-1.48957242547033,-2.08261604771294,4.55590568811668,2.28158824715746,0.37143785419678
5.16333893111304,2.27885519944219,0.980853814204922,1.13892206901116,-4.03711678306618,5.3066585391956,1.72880345189693
-5.93210136534296,-2.73845374078146,2.77390122084619,1.50118643057948,0.871693491705258,4.562870417286,3.83065221527332
4.02198109255814,1.49982146687138,1.52591950868432,3.65327260521293,0.809093801437795,-6.89145336413003,3.05259172727401
-2.8555800277508,-4.49268479957321,0.0714372720436729,-1.98216125199406,2.25861082039982,-5.62585502585116,5.09115615950268
-7.36363571395788,0.635131027078017,2.99261230991545,0.485325386741381,-4.3580641309116,0.360748849589535,-3.18652604294329
2.11120189993364,1.27169896825217,6.75197890135775,4.28945927602136,-2.01282574182843,0.178425088521233,4.9040902428927
0.402324493822354,2.31184102432825,4.98232239525292,3.16950658810703,-4.91424407334021,-2.66373945997855,-5.13634660848839
1.21995515982613,3.24087995437319,-1.92185068681436,1.53045835395718,1.57463320278913,-7.50009859929366,4.72654220538628
4.7771569504684,2.92191720569613,-2.23710862411954,2.2496657546375,4.31511800160694,2.68333498389182,4.29180398866187
-6.03567323768495,0.275059292703099,1.61366638299592,4.92278248884164,-4.79638151123472,0.727280860155453,1.58695040551479
-0.81004341565532,-4.15188891067064,7.32205379704249,1.41986281647056,1.97777948950149,-2.07831284425492,2.10399120487664
-7.27777912006864,-0.181595554704969,-2.07745396957043,-1.03478431615199,0.587901428909,-4.48768890851648,2.82574432091671
-7.15835915363894,-1.39844063383912,-2.06116031645821,2.74518518965948,1.59994244768158,3.73506413106576,1.54595222646568
5.96351601580496,0.706078087449988,-1.8768678107998,-7.6863380154754,-0.350944973178487,2.93859731445329,-4.05939803473318
-5.14297381561889,-4.36023656022341,4.20120086553705,3.80920400460212,-1.02142063915046,-2.85475309824862,1.49807770079769
0.658384179660463,1.6951630507363,0.223448987168073,-2.58291793620058,5.55157231547737,-2.94578314807541,-5.85959885508009
-4.83931455509338,3.48628150525305,-5.38117446376669,1.00699072599076,3.71786595366077,2.43142779826309,-2.4229497733935
-6.28878384748362,3.49045424669196,4.41785828222088,0.207569142110552,1.80587142842527,-2.65414571849221,1.32019010974711
-2.75692737996309,-1.49763173126062,-3.58046469829725,5.38151602330168,-1.86972961485111,-1.66553694103311,-5.63995185458598
1.20934941689297,-6.68156205913463,-3.44639618158944,5.85589808834482,-2.74670633234206,1.15677534679019,0.174580450238553
-3.8688599955299,3.59392586799324,-0.383208150552641,-2.40356988661201,-1.86990733143633,-6.88639744033564,0.490418085345637
2.7455009028021,-1.96158693313736,-4.29937384722227,-0.776595414087518,2.36831215546859,6.79557294307357,-2.82487133987
-4.50718683331868,3.94413815711637,3.02064749730516,-3.47767494515926,-3.21862658025115,2.92079636278828,3.62489060035839
2.11801803856303,-1.23353432187481,0.930438128655479,5.87629274455556,-1.745816085433,4.91200420223321,4.5958961173547
0.326831770075683,5.96928919971515,-3.87359090978508,-5.17273375848344,-2.67883917227006,1.83122677039417,2.95576590009938
2.73363177790274,1.49799696859485,-3.16381732133246,-3.32384954440969,-5.58415898887572,2.93920779540682,-3.85509271764253
-4.73991320016037,-5.99178089926895,3.85056652908736,-1.53483299023743,0.87747845201293,2.0514522254602,-2.99169254027316
-0.0484755309030443,-5.28670317301309,0.709280975826441,4.12404133414548,-0.28379257928808,0.654347471431492,6.21730757847957
3.11092459392429,-6.2029650011898,-1.21637378708183,-6.18271389786255,0.260397070358916,0.96658700666866,-1.80368858895585
-6.32516881686126,4.46225028806088,-0.425962630864921,-1.50097780257066,2.95563143097745,-3.98139183147563,2.80407543801498
1.84840941913827,-4.96780836461136,-2.46739775151041,5.98266210979548,3.82265049239371,0.731528590149863,2.04780528876097
2.9115127568777,-2.57146434233393,-7.64151931132059,1.43642157762161,0.980151660740815,1.28061027293858,1.93955815349396
-3.1809804412847,3.83983825323734,-4.90409027815031,-3.8573944059691,2.41461142379047,-0.330160823471638,-3.78803855115416
-2.67999679584267,0.919985428778787,-3.21724157016639,1.82199406587668,1.8634715498663,3.6369026665626,6.83008394038763
4.42690985115391,0.285754251293092,3.8070141322665,6.08928784809669,-1.83297474233482,4.14329625070995,-2.29110544801664
-0.345942524821271,-3.94768770165432,-0.0851346100975271,-4.01801477002988,-1.43276000402542,0.473379756769695,7.40991594765475
-2.29691662907344,-4.69112531858022,1.52093718398404,-1.05187658203687,-6.16621594284121,-5.0555250317086,-1.95967378754391
5.81485618749676,-4.70568341355639,-0.847736773285489,4.09475904333629,0.89628898227545,5.07106404787603,-0.962538315867306
0.381928133287335,-3.86048108944714,-1.00952259261318,-5.97325106417156,4.79434735865682,3.28514865837329,1.91556594773264
-1.9511808228438,2.23210918674605,4.83094195905709,0.332651281721732,-7.21997942537755,-1.35023850075766,0.653973243946041
6.84074827561456,2.64653949434315,2.30873658132706,-0.270476637964969,4.90529893671301,1.4665223970568,-2.78111930168441
8.20941296257874,3.32603969587214,3.39615220324715,4.08795843606412,-1.38521468347011,-6.87016197548847,-3.47329191101017
1.8651367343465,-5.99761212331042,2.63192965159651,5.56321983587079,1.24610067799223,-2.94634058120027,-1.8717983336302
-4.14692592790454,-4.34535208125002,-0.283578884777468,-4.23226655138327,-5.26262386332269,-1.56382803266996,1.96240742721258
-4.32628792107904,-5.3627295204009,3.13160041913949,0.45010331954482,-4.32668876174523,2.76063733186803,1.81034165738795
1.46071967137179,4.63906951073382,5.30825635042642,0.200405993532698,0.449142416968041,6.08092299365906,1.55369317465177
-4.5339562909799,4.47835986731816,-4.72156907341322,-1.31510018023542,-0.543484934713999,-3.53741932799277,-3.08877304583892
5.09403995095289,-5.48232069212243,-2.04100329007573,3.32651208178462,-3.27595843316475,2.87337724660749,0.389288855645876
4.50366951704373,5.45941020515629,-4.34705615379129,4.68313942902386,0.494934669490905,0.688055347028326,-1.45558566740593
0.880863268502616,3.08547161694713,0.894341652987505,-2.93438106973631,0.677337695827211,-6.2717124767463,-5.51760843025039
5.20520412338443,3.60788157074527,-0.865604789586816,-4.41270426775037,-1.36876266638303,-3.63102240534127,-0.580639863620661
-4.28357210754186,-0.618857993778662,-2.08111549976542,2.7218393882754,6.31609303683121,1.22066641420032,4.00516531065145
-5.37412645228336,1.45683163232255,2.66105210199438,-4.69760509475349,1.2086716415441,-3.93302349329503,-2.79370735599954
1.4887086046622,-0.679483978066525,2.95984184271301,8.7688229915551,1.33295475080456,-2.35993287600722,-2.34652143056837
-8.87090085034205,1.10050614339807,0.0666677924733055,0.799848801522273,0.882989226610564,-2.26521042710297,-1.95585781973731
11.521818603736,2.66798798157583,-0.440177003888724,-5.40634597673666,-8.4854332849293,3.89720633029943,4.50019380105796
-4.85499254198827,-5.67516950094542,4.50631509191454,-0.378963022063393,2.29996217426691,-2.90972554970198,-2.22581692692508
-2.16785915109576,-6.53094061035027,-1.00760701771058,2.59734452491664,-3.33740058769922,-4.18687695985792,-1.09883159080224
4.49249948381504,3.32928123703259,2.53192355223153,-0.680539771763076,4.42982454736987,1.68460416766654,-6.80136219765427
1.24395767894635,2.52018234425397,-3.95838084422309,1.00291316856571,-1.0098587807241,-5.30026677503319,-5.86869087333083
2.58899745598693,3.44088439915019,6.07299071182287,0.10053821506365,-4.68446198930272,-4.13086499158314,-1.54331179480682
-6.63419761984561,1.36441037975675,0.495969219875954,1.26352639807276,4.32623122702726,-0.707774741346118,5.47624005122434
-2.23399921094011,1.20932942725997,-3.2705971061788,-1.55909207337463,-6.25032717499074,-5.11979014984426,0.266530116818361
-2.27416748702154,-1.57015715691998,2.44579852823173,-3.9787872117623,3.86844427419392,-2.22080188504544,-6.11466505387038
-4.46477800192575,4.68513468214062,-3.72515115588404,5.09965544352412,0.98137977610935,0.129450482219952,2.86095372174981
2.71425848599627,-4.26695592007413,-2.5913909886283,-1.91104335526001,6.62201840124973,0.685005981874255,-2.09088051716158
2.37187285751953,4.02242692819523,-3.07803495051302,-4.59799455848271,5.00838693662546,-1.980278167855,3.04959310204695
0.736681954351842,-3.61818335490283,5.17385143515148,-0.313153892581676,1.13673396625046,2.73652686185718,-6.50050845282182
-1.6930611311053,-6.3363813934579,2.33322126869963,2.89194637553056,1.40651619737975,-5.3540495884484,0.771791731260681
-6.46678884786941,-1.85694496272095,-2.58725115921723,5.35008928916113,1.92556373894641,0.408282484110904,1.22499273944711
-0.893042469509019,-0.569893242058326,-5.91127184758538,-0.00850080682728098,4.79280642595265,-4.41418219129306,3.48017829461747
-3.11969598584062,0.430284554289818,-0.786918004079912,0.737961319345268,-8.75120807252643,0.172275503313678,0.39386057061734
-6.92168850068549,-1.26795854083501,2.47179488821332,2.47811501076655,4.29941696650575,-1.80067897425883,0.108785230386748
-0.313327081783468,-3.11459481348291,-6.08511013450073,2.38826148710832,3.74781259953099,-3.93642582474586,-4.17183839350177
2.54042805631453,-0.695172446300232,2.73229580872048,5.12334651632337,-7.54397007126787,-0.606755949995798,-1.3589409193542
1.62935519603071,-0.235765287279463,-4.11994298019842,0.0349772198264152,-0.391514606394147,-5.17723238413606,6.24567515380294
6.26206244405958,-4.63457250083126,0.59313684055036,0.993669817268107,0.820888232871939,-4.85570928042929,1.07922864696889
0.0810851270631036,-3.83291942554417,-0.582619567993183,-2.3278375586967,-2.22131113018524,-6.1345641198322,4.83680480743692
0.0606542716522718,-2.37804235003053,5.34063405844111,-2.02923208919265,-4.59504255694492,1.83177468343085,5.11022204660094
1.96596431452532,1.52160432364281,-3.21463758850275,3.17675510263331,7.44935015589805,0.598032558255299,1.76102787262751
5.94663846404775,1.95657999522404,4.11297365895251,-4.13833896116911,-2.66850369191746,4.7011510492371,1.07179255735673
6.57412800419823,-2.35251565011538,7.72399527356086,-0.855831086479358,-0.154894880379609,-4.2411343148514,-2.44050695466264
5.22147003441842,0.83471083180511,0.133317716138757,0.768010022555556,0.915986421496396,-3.03980791456701,-7.10863381716829
1.68507437293473,4.54920840024126,-3.07343242106186,6.10019685701192,-2.2602871076937,2.45366869913789,-3.05604388638278
-1.66463621907425,6.41146021450174,3.93137130272434,1.95891900289531,2.58214373558106,3.20582279678583,-3.96241489645891
6.08012239270657,2.99077492067814,10.2193248557396,1.68513388579039,3.89060495611549,2.45472480084211,-1.52401802046275
-0.553325842497763,-3.50277118535139,2.1181554973148,1.61302398872699,-3.08194771800377,-4.50939948378935,7.10295457226221
-2.74922974500264,5.41683773178833,-2.76234199476947,1.91204028278299,-2.96948493584078,0.981868189702137,6.15640061159697
-0.702581894638578,6.61370284441126,-4.66109112198118,-1.21695011337401,1.1435268589295,-3.70953613753072,-3.23286693049082
0.381435023733275,1.40494849185773,-7.72564007278692,1.31588829207767,-2.75982131020782,1.59433311236243,-2.01888231582194
-2.96474520326958,-0.479145611871435,-6.03573405239741,-3.17433127804213,1.47786476057156,4.16253933059302,3.886006841721
-0.17814948930745,1.73339377716536,-2.25796578257712,2.88393142970453,-2.93088464932862,7.95668460166074,2.15296837940666
-2.29533951519766,-4.84024496074606,-1.1598390272772,-3.87133468822213,3.64565412603772,2.87195459940273,-5.10017534473656
3.12571599741096,7.47699528085721,1.64341390475712,4.66604038425334,-2.10681217954437,3.8190409871919,-0.282527111574843
3.21701937890859,-4.51440727212441,3.23659409669516,-0.801259347844239,3.65171717239677,-2.5113983178678,-5.14608336992844
3.32817323568802,2.78697482706268,-0.763810794819299,2.69033228152553,-2.14296903837048,2.75686891767028,-7.91115528798351
-0.415301469837465,4.08191891765597,0.680254030000982,8.27032510870307,1.74789251665148,4.30804791145158,-1.62008432451071
5.70706521989531,1.70551119888879,-4.16593439639344,-3.17280933686841,-1.35004734235452,-2.81277302913587,-0.87601049313759
-1.29268851089249,2.43872857329891,3.05433662604468,-7.24338555678807,5.13031955199215,0.0108042034460083,1.28842646207378
9.9629129446739,2.24583890381295,-5.45350904129146,-6.11119442263649,0.244625784007545,3.6085197843025,-0.841988758688452
-4.04165760955653,0.727878754212112,-6.86086918166871,-0.113191879950925,-2.95655212193632,-2.36345669485215,2.49041114770646
1.43523599840206,2.43561731727358,3.38168141735083,-2.03069660418847,6.37641760746428,3.94811464631611,2.43685635874341
-1.64477165268575,-4.33465028108272,-0.855763666574387,-5.43164492701513,-2.73376788931773,-3.06344469894945,4.3435645642255
-6.18764874333794,-6.27654759188463,0.55199367609858,2.11875489733982,-0.850281449179677,-0.217201908665595,-1.74317575530019
4.72162146607025,5.43689752627693,0.197373246317599,-5.54968073140918,-0.336965204730223,1.09210623449498,-2.80974787984791
-1.1879282353815,-0.182000209329763,7.45003404968273,-2.17543396089039,1.88928413415357,5.23426286901981,-0.531909419456023
-1.73843424862012,-5.93461968619662,1.8918136525954,0.264661744686086,2.74128595815719,-4.66740936549287,-4.26040907513391
0.47317637826501,0.980362114295595,2.95275813542735,-8.02511548875267,0.478190541039781,-1.09821897297287,-4.18842314147081
6.76354300260267,5.97524174492036,1.02767539047901,2.63413025087841,0.665011114095511,-0.496883085232068,-0.704091085108695
-3.96852226540233,-6.50080121395494,-0.629033314224629,4.38707516191763,0.221101442745717,-2.26796634471446,2.99912578599703
0.239832044190296,2.17040110796547,4.72995179908916,-0.684517226084872,5.54948233263335,-5.28284649176769,4.21335563348479
2.3563027219747,-6.27114975200199,-4.67204526857596,-0.586902494438797,-2.00828834287715,-1.78024361804608,3.51389041520117
-1.3151225066263,2.25892465598995,6.93135024748402,3.14155364193234,-1.51527878477748,5.80104761799034,0.9922410484401
1.45551658194246,-2.4258004568358,1.69619464342771,-9.52151598404537,2.5715622366132,-0.914475505442592,-2.52467040790713
1.7544925181477,0.633391068949138,-0.0588817248017674,-0.118608796150753,0.443566739931463,0.322025952785019,9.1776676704275
2.8791426753808,1.3040604391038,0.955974838036566,-2.39650322330513,1.6700356904707,8.58749658576876,0.160587517358343
0.95847419614733,-3.90037016369337,0.201948794207101,-6.50565443993082,2.79518560385903,-3.65030869728575,2.70979518962407
0.00373631936877869,-0.462940236873476,1.51935193465279,5.04510120939942,-7.5038352960247,-0.694535472592392,2.63875567887061
1.91551837236616,-5.34449669692591,1.1945562451619,-2.93123808760173,-3.99833617848835,2.08054069999265,4.82581320824354
3.31884756792429,1.94883095700486,7.33999342945455,5.07260709199611,-0.573033245413338,-1.04649280529116,-1.0679654839953
-4.55452808323052,-1.60829006265041,2.12538010218717,2.70967589408048,0.120790091164428,4.61532955856818,-5.7636308966497
1.25521684058975,-5.43320849319112,1.58586263520798,-1.42165148650986,2.70059198879949,6.86318339135354,-3.17457055724544
15.262697161346,-0.687422252337096,4.14833753209393,4.49082954679022,6.34070837396523,9.10192412379897,1.38948201539331
-4.08928280396267,-0.0161120086252257,2.02540826937725,4.46611486699877,-4.87462065415124,-2.01519848029835,-4.15587062550195
-3.26603562918731,1.30577460784456,-6.25609881617734,-0.163144486244268,1.57463401855923,-1.07472479306615,5.5112658364289
-4.82220341315166,-3.94024015974646,5.78395815904708,-2.53636926338165,0.217012227387937,3.00533359749495,2.11316761547821
-4.78374285010049,1.45002270099172,4.37713425849171,-4.7870201299601,3.20642190767434,4.37229226561538,-0.14184585558525
-7.03565555569069,3.5402565477957,-0.363702165920583,-3.9025814661508,-1.30185149727729,1.56483181324389,1.37664916673424
-0.287662262197375,-5.17521323907783,0.458617516242048,-0.416221236514646,5.8278637779059,-5.79045514234041,0.229531008514219
0.827039162221402,3.08271633719992,4.96964886750371,2.74110276868524,4.57081696399552,1.97758597086995,4.69443182344644
0.94153869832096,1.70638862527551,-2.22737612199839,1.23455134182111,-6.39664560938313,2.53822102029684,-4.85163954313241
-0.990773375560645,-7.32009335433825,-4.10633914980646,-1.37418213854389,-1.67965445773884,2.42007252764498,4.07277687362786
-1.71131771193991,-5.66893656809988,1.48076799434659,0.80759403624284,-2.38146477752816,-4.34927305686296,-4.98398827135285
1.65691384628153,-2.48993665259776,3.62185880169892,7.30541535428882,-0.917135910179003,-0.324248540158865,-5.13806822467205
-6.86345218185593,-1.27287443186706,2.42646088941255,-3.62674081054208,-1.23513414453871,1.6632199920342,-3.72304724770391
-0.313119843237179,1.18244392844081,-0.558109953626915,3.07487655591372,6.13402818207859,2.08520190692063,-6.0595111950203
-3.07345830038451,-4.3751214391828,0.134617443037314,5.58723525315105,0.541071093347675,-5.43239304211077,-1.98048398108533
2.7394955569102,2.32412672001882,-0.413925778780541,-5.22668970563483,-1.38411263281685,-0.546712461029358,-6.64234202349627
-0.577761318177031,0.501046896385374,-0.951075446484137,3.22526021018366,-0.716911335973375,0.704600547369264,-8.09037372050582
-7.26666038200543,1.79835336909824,-4.24311347404029,-1.89867991695093,-0.880417904576272,0.536292213670117,3.40113505263798
-1.42631778554432,1.29089431859301,-1.55767447008878,-6.47985182416244,6.45849813519387,-1.03645589663769,-0.285062897323137
-0.513542374352752,1.72487409943529,-5.64821995217586,-6.33936678836079,-0.500720525590543,1.99229761535199,2.94994332377507
5.14825962023018,5.91925339081423,-1.24797868085743,-1.98655783237191,-4.4941837716179,-2.87227875224054,1.49816027939857
-2.65898477213384,4.22073799861018,-1.77099010318524,-6.14487096729143,1.07265372958394,3.04211385666293,-3.26322239027809
-0.606121495924339,0.876536705264656,3.19055860190443,-0.257861896921938,5.58956858056834,5.70270217435217,-4.50602893497318
-3.18045857517762,1.9164819021126,-3.61263005462745,-4.59233748700095,-3.11160312678834,5.32829247241485,0.599611525133341
0.255213100291355,7.6577895172841,4.55857907900249,-3.35274071490032,-0.688513495696049,0.262389834277542,2.47195990416742
0.578837284452129,-0.717809580758791,-4.39224672728947,-3.12942728508802,-3.66030872222967,-5.87808118316783,1.55402447424886
-5.18921091943682,-4.84852164822443,0.737848230964894,-4.65118841969287,-2.23770997622932,2.18620255240848,2.41469349337718
-2.55029947991867,-4.82940112343856,-0.887191699370998,-0.121409592761146,-7.4962464139925,2.04011073768675,1.14245324144622
-1.74469728646641,-4.10693217544675,0.459915638903276,-4.68865384772174,0.11419874173776,-6.37054974869148,-0.0298479741840875
-0.270572915174527,3.8095893128957,-7.79171573485635,2.31602698477594,2.17005248120809,2.98271253547187,2.56655336987834
4.38938599280834,3.28603561102659,-2.76536332461727,1.31443247660026,-0.120948749900862,6.9901273638077,0.740456625707013
0.117919962597826,-6.69926959383977,3.47719597784698,3.51713670140827,-1.5471443960322,-4.0252349703891,-3.44901325317626
3.05167771485253,-4.87256181452516,-1.68130749826691,2.76085238200499,5.17717854454618,-2.30818547125225,-4.01153644876633
-0.767011078205084,6.74694363225153,-2.04033422184991,3.64073756612961,-0.16942201853753,-2.87083052346178,-4.10524285457852
-2.71904893058487,2.85937119592278,-0.950671423824289,3.0658189765552,1.14221640090318,7.96034890997608,-1.71283191859572
-5.98066744615531,0.687699926104687,-3.09733545193188,-5.41429412410841,0.564162982019377,-2.87202047731198,-1.72322713803661
-4.03958955112673,1.36883227480192,-3.65342783099915,-1.24401440269481,6.63733436039369,-2.0440081681789,-1.808659233342
-0.138338510411886,-5.24470714633123,-4.58245498322719,3.65884905515729,-0.934512686854519,3.78088773328039,2.78902017016717
-4.67413151257411,4.63197904315826,-3.33324331564538,2.38408305807974,-4.5371961159598,1.97141288420934,-0.969953739965789
1.69948156683766,-3.14048658755616,-0.377899793377708,-6.92424882948152,-5.24452662105519,-1.48557480999338,1.24368996910365
-2.19814264614975,3.21376934511013,6.77338470443402,-1.13397698655721,0.731669358456193,2.77886354674472,5.01338264957779
4.14322456725136,3.20907217452642,3.18920249677468,-1.32849475183169,-3.95639533378735,-5.07289604938066,2.99074132811409
3.04788527510108,-4.0334226376291,3.34486630938448,-1.16967494523156,-2.85539387563695,-6.53618458399884,0.131588113391418
-4.51145817120162,2.2003578783609,-0.372873414445472,5.28213443627039,-1.50250827739818,4.1942528834202,2.96679239258454
0.888968929852388,0.555172832874219,-3.10703625430156,-3.61867055773828,-6.48987425742046,4.22000831948406,2.41641920730452
2.06994145303342,2.44586467697689,-0.249636198915207,5.85543080667802,-5.80921065217199,2.52533139237565,2.1971216955472
-0.0700314396039208,-1.56277241561155,-7.60256980074482,-2.12399331818408,4.27008993165556,-0.791611316872268,-2.87940429982967
-4.0352486689809,1.67379125742605,-1.35686484487294,-0.726415101522313,3.490498201816,7.34628530353757,-2.94751775866593
0.475796998620528,-1.78685250615725,-2.85285565314785,-7.96196264497684,1.02701662093738,1.93984981416446,-4.38005568031574
-1.99270429742186,3.00830080235838,-3.34797254777817,-3.58218103298219,4.11382332475154,-6.21405956983302,1.21803632394423
-3.55135763908899,-4.49048742584762,5.55266666380831,-0.426447746955666,-3.45466771085502,0.443373566601926,-4.89002004942238
-0.389658773046781,0.574064348719335,-2.07874089683206,-6.16469430723849,-2.57780642276522,3.4869880936871,4.78745098399079
-6.5773517748662,1.87144894238027,-0.456226521035453,-2.23962937416997,-4.54770343597034,-3.6556537749981,-1.814053025311
-1.69811981259051,3.10607707570436,-3.13909490773463,-3.97971749771102,-6.66624942400105,0.934296955396757,-1.03538701514734
-2.42396653770931,-0.49059709882029,1.39762650847436,-2.33124128351204,3.91549126659825,-7.67957910714307,-1.07516328171799
-2.57202402967367,-3.71216792371624,-3.41277570016098,-4.44756012743851,5.76585296345834,0.195659801932349,-2.3205268087788
5.17679324319508,5.76854236171854,-0.37620980170904,1.94271216240053,4.06536308428929,-3.21473050327294,2.01189616921886
-5.97604554421723,-2.12668509190486,-2.3282595929229,2.26613630240544,-1.20404979095207,3.81943517275196,4.76582227482934
-4.35581926323846,6.79944140848843,3.69122757549558,-1.96527008049602,-0.821099318759058,0.262306288737854,1.52060626112747
0.495682780114901,3.50325840804128,-2.92170514872059,-0.417798256130073,-4.82855135660923,-4.91310788296212,3.26364590558506
0.594994843334389,5.84732401756998,2.39120733035904,1.76993781976203,2.00066054090238,-5.86486585958186,-3.25461857093061
1.04318543451968,-3.75705568532717,-5.55556235015197,0.435537624581585,6.16366549756828,-1.76141827817633,-0.0397240956011889
2.33496307096104,2.96972972743208,-6.20770167359848,-2.57279838174263,-0.990305170921027,4.34227881808838,3.47121797696748
0.426793586080738,1.94224030176109,0.69350616434725,-0.581363057838696,-2.66879149971714,-7.3077536654452,-4.58573520640061
3.94556552415958,-1.24254910209414,0.663394524230745,-0.495450482268702,5.36517476579646,-5.9230171887098,4.49087018617701
1.02514222151049,3.29816283305985,-2.80918569027365,-6.39458487004216,-0.0176665855321066,-4.03086108137039,-2.0807725239327
-2.58074792620588,1.9793110730928,-0.212861115804736,3.83665414817887,1.2413656932089,-4.35362499092173,6.53683322219878
1.46006830745843,-3.42612382049788,-6.24917746546641,-5.67715172096085,1.36437522532729,1.02629244842983,-0.764546398689368
-3.69378433643487,4.37342916142198,-1.75797389497479,-6.5427413566707,0.375896841541057,-1.64422065509207,2.35573237796846
0.960307352576761,-5.13130490835314,-1.90258503925912,0.71916768054028,-0.508351070833356,7.40297142346033,-2.58540291056298
-0.531908390063701,-1.70197615259549,2.85347338663528,4.00137612042212,0.327032571582669,-4.44579199166641,-6.49394384858708
0.3761396441887,3.42617679024663,2.55467146046904,-2.24011826316219,-4.8932401102371,-5.81730006815796,0.862521933134098
2.48208990602855,-4.66216892407488,4.73634486957569,-1.98758487301783,-2.17160500850961,-2.32682615780758,-5.92631931365924
-5.23541002272831,1.33904616279609,2.09224095832101,7.20520287957056,1.18513048218309,-1.79453848522154,1.0293701161213
-1.21295710073217,-4.39404698741042,4.11450095347069,-1.40851594047135,1.18571295813083,-3.36033904095166,6.25287698624381
12.8194257493416,0.661954813985764,-2.87660998564995,0.567694058483627,8.38305502047435,-6.48375163000406,-1.07425838471385
3.84712668857583,1.50752255406424,-5.08125678257842,0.0759254825118623,1.43283880518355,-3.78251340925051,4.33782733000349
0.568933739422743,-2.34476839964062,2.28308427489249,3.81452109623345,7.708977563499,1.09633235157868,0.99053099786727
-0.461022791226802,-1.41274129669677,2.93498050121233,2.35900073282453,8.21297897734486,-3.35245361386276,-2.27666375364164
-0.225186172257445,7.35260903505136,-0.509652691086063,-0.0401303348369529,-5.22728028485212,2.12180011445985,0.66391805801657
-4.49600519537194,3.97114938722659,4.82053095366242,2.92578562649094,-4.0790614113258,0.17583738226139,2.63842981824016
-3.12976852876786,0.480983514028306,-5.35150906141929,-5.07428050035228,-3.05876127722191,-1.08196713900538,1.81480403638007
0.184197666087679,-5.23941076941939,3.36249088959251,4.29561700077634,4.68047797358935,-0.567485142942554,3.76801115316055
2.24477146289271,7.83226603187576,0.774891051828835,-0.565401855412517,-0.191542000108031,5.2811187550537,-1.99298591901868
0.157142900673186,7.21022883886668,1.71326799376433,2.67406159352673,0.383338218064474,-2.89323901707597,4.54923557706739
-6.2841984133805,0.467401942918941,-3.69293589553852,-3.5199684881708,4.26741032383372,-0.435269037862234,2.2581490724414
-2.87519725174077,-2.53126853125604,2.75801974875088,5.38526224208501,0.173027428468733,6.42730584371617,-0.996147784562493
3.77624497117932,0.525119495080846,-1.30453876744929,-1.35050216062969,4.96630053207227,-5.78411736018233,-1.54394762126147
5.44933714487739,2.47232128730621,2.37126547156199,-4.37755782988884,-2.87913996958106,-0.598278372340206,5.10647450698691
4.41184454834988,-4.184205759897,3.05377993767771,3.55933608403925,3.83233131627254,-3.46681072712499,-0.227127269417551
0.374154102798354,3.40376724477119,-1.57471941851367,-3.02795325182643,1.07658743605083,-7.8904625364101,0.479158669945308
-7.34466420399335,-1.60816593208474,-1.10554473458118,-1.37708088544413,2.41555784839805,1.47779957019239,-4.56226910117003
3.29145531291103,4.93828906685698,5.43634510701175,2.73102553677171,0.465845783739785,-4.1094696028193,-0.527520241359792
1.353018833518,1.62389701080408,4.93031245003901,2.82989541729073,-1.50108239817408,2.50643717583649,-7.10472762774622
0.43710743123912,-3.40979194749182,-3.41181528913782,-3.56955924348976,1.65631664870245,7.68486789310699,0.60993652583197
2.86698181948488,-7.45945415075937,-0.518041483301242,3.23570621965281,2.19723446837997,4.20113253369918,0.558876971157618
0.215153297745316,1.01142156549242,5.08191191935155,-3.29935589912942,6.53151658507996,0.493917310822626,-4.47763849940798
-3.95039923552663,0.354695823815094,1.00998247893653,-4.6212194441386,-1.5188659643069,-5.70018527102026,2.8718126578566
3.4881655691512,3.79049926815828,-2.81686450999162,0.53521572599441,6.19697878095544,-1.83774501518306,-4.80376343819824
5.50142515123701,-2.82895040126233,-5.41203651755131,-2.31302738495416,-2.31495816009548,-1.60536665461916,-3.92378239149112
0.630622300989747,3.32600897329677,5.69409392119403,-3.69040557482882,0.620999222260952,2.34191287161688,-5.34250165230132
-3.54980434474313,3.13051802715783,-0.4752508797328,0.325703367960484,7.30590783768143,-4.22539342425733,1.39225956615756
0.0284781722875572,0.578919092887995,8.77649921671044,1.06917199337365,-3.14033011293581,-2.12748911101722,-2.62722841210389
1.51943758323652,-6.06368430509498,-5.26676881899906,-3.41692760723419,1.89119135516436,-2.61920814447207,1.54362308880455
-3.56505782705639,-6.41742157890388,-1.22878846610401,-1.1360081914824,1.98573336908938,4.78694982324621,-1.76148980312805
-2.23955775284166,1.6432362068206,-3.00931166550281,-6.05937617873372,5.54519804171351,3.18628042949089,1.37681864664592
1.49570251456276,-3.05956934178796,-4.81346308451786,2.74687265261096,6.50166206648548,2.26748129641905,1.2405173333986
11.1736005715531,-2.48172779471132,-1.11208975970519,5.83522502009033,4.95198408914546,2.90996599789876,10.1886402881326
1.4336463476334,2.34581858611876,-3.68299053283176,6.70808931687833,-3.0042540452165,-1.016542879635,3.24278562821032
3.65688897853531,-5.89016536033209,6.06845264041502,0.889503929566083,3.8060494141782,2.27207482527746,1.10656385833831
6.12156833528375,2.28769369083449,2.58152121898538,5.95412927537375,-2.82324639250073,1.71666894283832,1.46101870005459
2.90114472063247,2.21403574889373,4.00089293584519,3.11937192170355,7.14483471829493,0.589670432308774,1.65922170079034
-4.51742955177957,3.61072748549293,-1.86405091924999,2.11990868078902,-2.77412582197048,-1.1751496424437,-5.9241668466014
-6.49879637969856,2.65913318136998,-2.83698772112092,-3.20662215292461,-3.57873191162025,3.09569915794755,-0.802647901477782
4.230977723401,-2.03188050977605,-3.84707204971851,-4.36324142726742,0.268918190185812,5.09837631799774,2.87739773846116
8.87249625830894,-4.22179506776013,6.18748873051345,2.82669750375518,-0.889840399546993,0.086222549474862,-0.806831560953427
0.872121885487359,-5.8112476779831,1.28694888614047,0.625970081140997,-6.87202973772971,-0.64722028343072,-3.5144687869447
-0.891296566395355,-5.36177459286359,-7.03543474927338,2.69074658710104,-0.971491409545465,-0.231776280053763,2.6521871140323
-4.2658012540732,1.05217568258616,-2.53914985415663,-0.406399843070276,-6.48655768717167,0.989796849932211,-4.33178436340363
4.40181434250739,2.57800686402267,2.16341709065227,-4.62810299995417,5.61707574618074,-2.32520433175499,-2.11766360715639
-4.63892170993744,-5.75337563022517,-2.98510600287984,1.02929132598079,-0.848759174449993,2.56388639521664,-4.77358959677692
1.84451303007505,6.33200626986586,1.75258231498468,1.35384355084813,-2.9647425953771,-5.7221997120362,-1.23323221006006
3.84450817919348,3.77664666605202,-1.72659238485855,-5.39270432503704,-3.8610006203546,2.13513568039573,1.61965069301737
2.17317292461226,-3.35090639466027,-1.37445202183832,-5.31511193724685,4.31375833161707,3.61880832254515,-3.47866367119755
-0.69596900630377,-2.11703693943483,-5.02347208699472,0.135084076900285,5.02984173148438,3.30166720354006,-4.41583773869159
-0.064443354258852,-1.75550949517477,2.64697724003272,-4.50858281001612,-7.88763138283049,-0.524837930196518,-0.327210613405476
12.4817384216298,0.800912349156472,-4.65994616930416,-7.68363460076635,0.278340242859115,-2.50191616408539,8.13313562920612
-3.22347710322316,0.554086836948754,0.589203345704729,-4.02578393885858,-3.15409208553871,-3.16628206003742,-5.63587416079831
1.88443600204408,-5.983264797682,-4.02519603899269,1.55350820855738,-1.3180663454394,-2.39062812651967,-6.06043987200358
4.42842846763333,-4.72604373648648,2.53158502532721,0.703747556240135,-5.43255492289406,1.51692831262391,2.70836204063757
-1.27946824716509,-2.05965915313151,4.598779163397,3.12503513562514,2.2311168139508,5.28059834850691,4.16045592793457
-2.39510915967349,1.53974306609751,4.72851224214421,3.78841832352346,4.16828220853118,-5.85076442390146,0.711044751227443
4.71529405338979,-3.86052358832056,-2.43252730026787,0.545514659209954,-0.32237891545059,6.95175489175049,2.17909703786066
-5.19921010969896,-2.15675821435319,2.33929364423437,2.13672084056055,6.34125394547016,1.87337752214734,1.25298034470608
-2.22958679628154,-6.03696957726829,-4.58019120382085,2.24047861650477,-2.3823415869264,-0.0253911123253145,-3.72412525384961
-2.41436961570533,-2.09965546930185,7.37679912983682,0.492004554447321,-5.23598456216986,2.05414476957767,2.2763224185941
-2.39505771786813,-6.91186305467468,-1.23239718516676,-3.98866279816888,3.38526192299928,3.56276108600787,-0.439456409038426
-1.25116431980629,-4.64362049537192,-3.10246141066964,2.34819256724925,3.19634281345463,3.29609423031856,-5.39126184087855
1.73141771332974,-3.11914645042342,4.78449647181245,3.89699736812053,1.41143368402485,-4.72880462880088,4.62139962742477
14.5968601511331,-4.31285193997364,1.28424433291591,10.170737228696,2.79759414260213,-2.94668212090825,1.79499775118413
-4.06859663334771,-0.874874746275742,0.872545504122397,-0.758059525478496,5.46359838950365,5.64005000481491,2.6262740938466
-1.2437133326037,5.6108196948903,0.203245846165772,-1.1219730023825,0.594658106935432,-1.74563165097764,6.84519946031583
-5.20630248002576,-2.25132004753009,2.26370299589543,5.75081234880618,-4.30587350822007,0.890977788464953,-1.79571240290828
5.0474015152023,-5.53294529790401,-4.85076022321776,0.934832418547363,1.43706256151472,-4.03677504689973,-1.17353949421903
7.6660804129353,0.808506528707967,-0.168948428972334,0.114532656218444,0.414503714384189,-2.05173332776065,4.67439596972922
3.17914342788646,-5.33430151343464,-3.96834308483605,-0.720822261496555,1.62144517276711,2.47983712259537,5.06796620287294
1.8304214531151,4.50407640967543,1.64850893401791,6.58278903044959,0.719760927436836,-1.17232201499023,3.89119979455846
-3.41390281837115,4.92373459884487,-2.06711010867998,4.82486168943649,2.22035243179169,2.84873231982373,-2.34631270852955
-5.66216156627078,-1.65944560574827,1.44643808014002,4.19798703078976,2.48120458957448,5.34157789831033,-1.9415715088732
7.549826624718,-4.07839230741088,2.95585010349896,-4.42212538928373,-1.05856729161927,-0.856359818713661,1.03384403028502
-0.22875164973212,0.0586847806358904,6.00439470217966,3.38288519382057,4.41893651790387,5.57079899208235,-1.70353110551367
2.57714793591816,4.1012648594773,-7.60221737887378,-0.634198706631996,2.45211647172062,0.0343557831728357,1.09465256039235
0.28683553080597,-3.44992046439701,2.38012487959996,3.18683115922124,1.0490989553505,-8.4398362160692,1.37525181832986
0.501621582165098,-1.61254919192622,-6.49078718186135,-1.84214340134505,4.7783224178331,3.87121179805548,0.0422419433304663
-4.25841510384019,-0.782446970494164,3.88997893756375,1.32106540583464,5.94955987950353,-0.154723570377608,-5.13118205591725
-3.54357728123874,-5.13994164418774,2.96595787413229,2.47808758059146,-0.83490102828883,0.192124321984419,6.16825448828664
2.20969143821939,1.73305403026037,-3.96135237198286,6.06364167368198,3.48149254728744,-2.37779685471904,3.15559107784096
-1.17106963829674,-1.41621910237601,0.857225620320295,7.77259085434702,-4.27191413156896,3.70621119497159,-1.0307757454986
-5.50223988874149,0.0644988166289671,-2.17463488615864,0.377528589168955,1.07506011557211,-3.35936033625778,-5.77703006810568
4.45628662622974,2.42480005611512,1.03765060768263,2.62473472315217,3.53034996827915,-1.71674124206339,6.64016376513989
10.7777498494058,0.35004224631333,-6.3181906916455,2.58704892818701,-5.50419171219452,-4.51982829972648,-5.84682462447868
4.10989980168213,1.25313213310091,-1.76275903215719,-1.72170428178122,-5.62284863072403,-5.46564050911998,1.44258335192627
-5.47952866125692,4.83507694014781,2.93110596040556,2.144333288241,0.544393925099537,4.48697587004445,2.40159557619569
-4.60359948947767,-5.41920440132953,-4.2996908482149,-2.19835632059746,-0.326645126763039,-2.6301213810325,-1.75455540739892
1.59821103559984,1.36415648650762,-2.84698198169826,5.57968378067984,4.4285373633635,-4.52717311613603,-1.14487788153908
-2.9416155671701,5.54302425218318,-3.094308381681,-0.487507881933216,0.354198321126145,6.4868002965829,0.262623448304301
5.68539263879571,0.473889408702895,3.04617777403201,1.01523452495752,-6.54293737166537,1.44573999276806,-3.29980506540339
6.01787462449297,0.84969494516418,5.56881252406389,1.66496887653561,-4.01199591893927,0.356657723498514,2.03199928728078
-4.97343014398498,3.78219820994237,-0.68734438081612,0.00707065888506211,3.68058410393738,5.21550862289663,3.54344485040344
3.77383612894544,-5.28550522464374,-5.17995850355446,2.94040475123855,1.38166906768055,-1.80689620304512,3.37390637952545
1.77760947756816,0.924289166004664,1.39444827964661,-3.9904591286045,-3.69631303370346,6.89958652875388,-2.53348323237419
3.37624190581869,-1.06950593672178,1.91044888877369,-6.82284092339909,-0.388222821215652,-4.82474434613858,-2.61299775890841
-2.31468806655059,7.85900006488025,-1.60072689686283,-2.9520200479657,-1.28718879877703,-2.37096852507712,-1.44389769923104
-5.92076221804397,3.80635839161561,2.22399957180116,2.13112599632477,0.695166770711806,-3.43723821260183,-4.43682463826939
3.36217405884059,-5.70550962088893,2.47895322296421,-3.55389663035972,5.23278979265494,-0.506673232281891,1.67787046625207
3.91246246891791,1.94629711331207,0.0673736030533443,5.30303957674848,2.57161305718393,0.0855555132384762,-6.6547198432566
0.287705925237785,3.37674513665076,6.36998918021885,-1.59559464761784,5.2597383793706,-2.7459007095175,-2.49692434975567
-1.48505364383784,1.49133188622699,-5.27734008804513,6.08310907572653,0.854429109808444,2.95051963447827,0.10698875632503
5.25498091106247,-2.47813838550438,1.13044032679728,5.09490711466301,-3.37465601253257,-1.3014911596024,-2.99289026030727
-2.67726384689426,0.340720107104287,-2.32830400133974,-6.70766673693139,0.190334910611557,-3.09570820658028,-4.31740597538374
-3.99797050168861,0.542204035516743,-1.25506298904887,-1.00570183987544,1.1557412296567,-0.682679943230724,8.04826023376811
1.16633904121985,-1.43162527149159,3.39033199398286,6.33962712326998,3.01577211750128,2.49949101295327,-3.24698443735553
-1.68985423346036,3.22343434319622,2.16864817635064,-2.32144774933208,-7.53071833110129,2.89736632298958,1.68733502210727
-4.99746192923982,-5.30578403079928,-0.407155291876983,1.92316660121484,-3.67697371359472,-1.2303415243714,3.76563199986206
-0.891217146399804,1.38426073492166,5.71459908719909,0.707843388816335,-0.290066021371405,-1.47613020440979,-7.52098439458114
1.06250198161259,-7.641549012878,2.15651348978218,0.587567772465036,3.66743125618796,-2.6170685541649,0.887478017515881
3.13490787213847,4.20844749200169,-1.14344846623423,0.876333878397021,-1.22101452528259,3.51498976130237,6.78041806706898
-2.90042350598906,4.45657961010743,-2.95581555559485,-4.54622180351307,3.86081970930737,0.156641938933567,4.95094887351285
0.318631662056965,2.74612742853576,-4.06177764247931,6.77992848703971,2.37191699280993,-0.683635096693133,-4.07738268295264
4.62759804945647,-2.405455158338,2.23214713546326,-5.32887021810272,2.91860043746257,-4.78710635922645,-0.136605593913613
4.9654048273337,-4.65925881409094,-3.02176072890219,0.580380715730232,4.92182742587822,-1.30214527241661,2.23616833651785
3.35835237590893,-0.520522958253228,-0.247163144808804,4.51494001074693,2.47409180313414,-5.75559661594851,-3.11927930619975
3.57414828905511,0.382482664706022,-3.88728024578729,-4.64429071548172,1.24216731508185,-4.16088231177152,3.69815361533848
3.17610146107449,0.935283206581596,4.22142654455017,3.87200679692233,-4.17862698620162,-6.28871385701415,0.628530931120991
-6.41257291905268,1.50681088498464,1.77961601664335,-2.70201370824288,-2.83045104182067,-0.996445421525859,4.60266658468576
-1.78910097495244,2.16519515436502,0.75047379021681,-0.873097870034031,4.5222025365957,-4.53615319873781,6.62616796199346
5.49916102185835,-3.7024986966775,-0.980354252996835,-3.12709659291469,3.86861313074944,5.04725027100386,-0.616818240366457
-5.21920458008625,-1.51752282717617,1.27657087266342,-6.32596177777365,3.793309679286,0.726366025122482,-1.82570476399862
-2.51940324202355,4.21801658861929,1.26195838216774,3.18145820814223,1.24421580454528,-7.35223485648244,-0.790671103711387
2.73365726417623,1.9788055821614,2.42895804302354,5.21706384072062,4.92261755564237,-4.01671322078488,2.44752491915738
9.46625443954629,0.180548688794278,-8.86967953900574,6.77292414342238,-1.86661399295157,3.34186406340659,1.30204636697484
-3.29692609971198,3.67313387816674,0.30392214792878,-4.20636043551916,-6.98064449316898,-1.16025094095514,1.35947107294015
-1.14308641073097,-1.08005229710439,1.84826401512283,2.26707820686843,-5.90324980066,6.47406230249787,-0.497638914637644
-3.17048779121793,-4.54580963813145,6.93234759848983,2.80317614979841,-1.36302196537503,2.04138326204757,0.0678649726160032
2.33509337888285,-5.0121532934275,3.97075546543243,-1.78260698398517,-6.04420362547168,1.24550331291513,-1.85298278136842
1.73570958778829,-5.97297281718597,-2.13641529585958,-1.04411980885233,1.88712178232413,6.14901500968945,3.90208899473657
6.69243342613457,-3.75764538180204,-3.38626241513132,-1.90120943773737,-3.48369353156922,-1.20772656508351,1.51124623670709
-0.0523571612496332,0.400368128442361,-1.57557790770002,-4.60457701016053,-5.88148603983391,-2.21417119356416,-4.03687577194116
-4.0972028834745,7.08657128152591,-2.72576660329638,1.6095728432224,-2.31526206149361,-2.6811707950458,2.11759853795321
-2.93159885965483,4.18502036433991,-6.08435923637262,1.61725901523679,4.20846699623322,-2.63780159381424,-1.01111109065964
0.32753404683704,1.40808492039519,-2.52382101905502,3.84877573010763,0.342912595296132,-1.45051651188181,8.34700956335702
-3.03815152378231,0.913294959686238,0.629459318502244,3.63959295355321,-6.63519996215415,-4.99173704694034,0.86457516806682
-6.84161039872641,0.266625149328671,-1.60614111516231,3.79798980342449,-3.15000042420471,3.84503872891028,-0.688784285224195
-1.16962251160496,1.36006460825022,2.63288338703521,-1.64927882446513,-5.65227624800421,3.0995401823314,5.68411090411849
1.02160737411476,-2.6297249939612,0.890913310220831,8.20280212926503,-2.3180083186946,0.122167577826999,2.37974723110049
-0.462734479041708,3.14762608390089,0.552899159705105,-3.22219546939477,6.06315181171013,2.87057919876229,-4.64263208630366
-1.37625687105791,-4.72456615668679,1.69427350990639,-4.4084750203624,-1.91450578927226,-3.85451504160362,-4.92541734592826
5.30735295089284,-1.38713990302014,5.84120269987432,-6.92159954202168,0.220249982224728,-0.898749026298717,-2.97829657222578
2.23555695747995,1.89162711510373,-5.34059950005248,-3.79251604657047,1.0764705829262,-1.09653623034656,6.08729248189534
0.425265707165781,-2.49551250454058,2.44478738033731,-3.67270337469467,-5.45057995818185,-4.43575853738755,3.59166305781627
-0.401312344082426,-2.05340597618122,2.03316347009659,3.92328743451801,-1.41054932888224,4.27090729598263,6.42606257524981
2.18609090564208,5.09838152238928,8.27482421675726,-2.23891886924708,-2.93757826352974,1.52440547077045,0.868558694226573
-3.61513617613126,4.18287721142717,1.12773692995796,3.66467565480831,-0.317312255114086,3.20619681050729,-6.04252243099478
0.810196303027244,-4.5983703493998,6.91742770690217,3.09594602119477,-2.48653217976068,-0.497654487402785,-1.79233438521382
-2.63146804404298,-0.132074128548225,3.98070882108352,2.98958374836056,2.69072353567824,-0.440245016009278,6.92645103300542
0.226395398870099,4.39252513759537,-5.77106136212229,-5.31036608126566,1.72334978138321,-0.622897289290775,-0.401837248204274
-5.01664346880553,-5.79729722430748,0.458303433892021,-4.20559830207428,3.14306189482203,-0.795548307975642,3.14165520927448
0.825949006435583,0.522439035585401,-1.75007972300961,-0.599528222318219,2.71075262993508,-4.58901563798018,-7.03579554197077
-3.50553981301291,6.74884119826401,0.922263566482284,0.182553033661757,-3.81073223518067,-2.28354131026019,-2.57876321701976
-4.1236045534918,-5.39064102860524,0.349825557982799,-1.94513293040924,-4.56021321261421,1.30508000385408,-3.90163642829312
1.16924256845576,4.88590428902665,3.01703016861838,6.712807978002,-3.25837068308691,-3.21257680979558,0.853581952191802
-3.61623916506454,2.4054219795697,0.75928678854178,1.61335489467902,-2.81885548083923,1.21295708290566,7.36977478214711
2.85839442964369,-2.29850386437885,-5.47651666641898,1.3300921509,-2.97637489573629,1.37995476947988,-5.98226637558593
-3.95069222500677,3.60292437437856,-1.73969705472667,1.15063792594292,5.85687801064829,0.296823694104603,-5.18321292828304
1.43487535090522,3.3189620696522,0.99482735293512,-1.2529405284699,8.947667434742,-1.29666807454772,3.70264079848375
-1.74178966606243,1.32270165730794,-0.267709105799846,-3.39110647902462,-2.35566507842586,6.23830250500259,4.9429280390402
-2.83392209971703,3.1671735800545,-4.62065376543924,2.87874107299947,1.63005430836858,-1.12174887225094,-6.29325110319523
-3.1690533125126,-1.460807903156,0.2011277381533,5.31789116453576,6.74723595815595,-0.82309160129663,-2.57106774490684
1.06838822650855,0.262808222214817,0.684797461684118,-0.9463988276102,4.01274193903487,7.27885752753757,4.67317323708371
4.78611226580003,0.551867678162939,3.03027656931963,0.200438200109016,1.17286577545734,6.13356359416791,4.17713660736734
-2.0164801387748,1.93147041733587,0.865598978233039,5.48280768271492,-3.58198387651983,-4.82443562185142,-5.08817023268395
7.07866535626488,5.08625282615276,-1.92389711415963,-0.843222822682549,-1.05830545778317,-0.245093490092486,-3.93697336128732
4.16882661689863,-3.1804780987914,3.45047546811496,-5.66594302196781,-4.68672261436193,0.0544210415052108,-2.1453099256235
0.344627086684775,-0.411198660501658,-4.69640535829839,1.95711572484306,0.508497307871655,-7.63044682418954,-0.146137310341411
1.66183272647805,0.223936299974397,-4.55352723563309,-7.60062447953545,0.769217299974628,-3.55760808740726,0.0514333238997586
3.65268730611386,-3.19926885983302,1.2271496386058,-3.06873814325269,-6.33361369447335,-2.20685833136784,2.55166183703837
5.06045816904269,1.62542224849079,0.0199264319625017,2.63966505830185,-7.36338130700667,0.722526768095274,5.18991047390658
1.20240842898061,-3.01843311393642,7.18574895836413,1.30971052015046,1.4474219349926,-5.37868086984102,-2.25352396981554
5.029996361111,-1.58967706816807,7.71935366171945,-1.31649689476061,3.41669794946221,-2.50781860730859,1.04011316659591
0.107300281312552,-0.580520628804254,4.29803488109838,7.20706314118971,-2.43242019477073,4.3399871333165,-0.517657002920885
-5.23005317727683,4.8748187207665,-2.37043603382103,-0.4064901564635,-4.70823640423284,0.513869734650028,2.08585093908201
-5.2669789091375,1.00880046813261,5.2439741818108,3.25114345598917,1.39407419315387,2.4463222178396,3.76500480717707
-2.01817439240619,2.8339115152187,-0.448853106460784,3.18621962224906,-6.55494924356339,3.38250042059167,3.13724410121323
3.81524471817664,3.66628625984353,1.12791131485484,4.3120465395949,2.03730484493633,4.47895523995871,-4.26492578520029
1.01980465493568,-1.15239593286288,-3.3782580001196,-0.192750239001141,3.42203300666626,2.6136213776938,7.38764707121452
-1.30616452114515,0.0608072373338829,1.88918912681419,-6.29451010269046,-5.41869625219871,4.09702227262591,-0.0181448172116174
3.90274239606124,-4.77604899517984,-3.2472961857987,-0.699771601476275,-4.06638011041467,3.12916790905637,-3.19771268099304
0.769054960246367,2.85115025429174,6.97195289639999,2.05487989551189,-5.05657110921413,3.58584314509968,-2.29246632953295
2.7941024860652,1.3604843488164,2.63030571103633,1.14075810830862,0.494031591930782,6.61650673301104,-5.12861684645297
2.69729308112791,7.25534184883972,1.27647091062898,-2.32063828773433,0.75352798644432,-3.50694445242257,-2.58714105003827
-0.266017256746617,3.58442917932199,6.63043125425562,-2.99929417173397,3.77492630241473,-0.69476673984845,2.948771968674
-1.74858225801436,1.5525054092099,3.61475066648235,-6.8860573165447,-2.00575625243887,-4.03191972128563,1.2388417756049
-1.95095206641697,0.0230535497354678,1.87981768092487,4.69243835499368,-4.7907108097198,2.54868709069429,-4.92666799643948
3.06945232840723,4.04674901525464,0.751747405241018,-7.1558858725391,-3.54068175278988,-0.991360594960419,-0.943400100548393
0.523813459662199,-5.16642944945197,0.910436379959818,1.3640667671493,-4.18795981256704,4.81633543726179,3.75411026669499
-1.8014030715843,2.03275642403972,-4.64480810369521,-3.33701130695936,0.50766860628278,6.19394887120474,-2.68131824685754
-2.29150310518021,4.29085095202787,-2.58959504705693,-0.381645057427498,7.61460989371763,2.19745749072832,0.165118419871204
1.99648896475372,-4.65029902717757,-1.08756638311961,0.565846015642542,-1.62790633430083,-7.41874493946673,2.34987854860648
1.30585195728289,4.39916965768974,0.750806379323032,-2.79798839082392,-3.51562602302743,6.94609956803164,2.51301852448718
-2.324807944871,0.95648536455768,4.89649978950555,2.98656709727334,-4.17847806267971,-6.1027654974452,1.15325083705769
4.50112294073716,3.4524000859634,-4.53859526842631,3.02672592783546,2.92662255561141,-1.59432032678994,-3.22347723744975
1.43666828464374,3.28396913443319,-2.51201922311825,-0.734887644019043,6.12079855784274,4.44216299418579,4.49305379429832
-2.2224392190002,6.37376507914876,6.3745069229515,1.31315757596556,1.39220781566419,-1.80921954373833,-0.931851495482372
0.112029183261766,3.25829624336466,-6.4445266796331,-2.32584479142277,-0.67491493940348,-1.64818240849284,-5.68384076670045
-4.94082661915293,-4.46424783230436,1.47798054048726,-0.75874337025812,2.21095310589733,-5.49076035854633,1.56811668249145
-0.516117923817444,5.99842036594959,1.23162468793702,6.59147572188631,0.574489389962443,2.70553524040484,2.30150064028992
-2.05669233916564,1.36834969708822,-3.53389175404795,-4.2074125015053,-1.3662181396056,-2.5228640825221,6.46575872042964
-5.04756627070124,-0.169856401755215,-0.7712002497178,0.751616217580542,-2.38299722627619,4.93824959134407,-5.64553671398641
-2.12115600106445,2.45352766980039,6.51651946624649,-0.229639837520548,-2.84078145905049,-1.58540880836496,5.84394209940406
-2.18417266595793,-4.6120383389656,5.09274575979424,-4.16024249553845,0.319576509726847,-0.531416870361306,-4.3044455381535
-5.63289123478513,-0.353373133958006,-5.06905040353574,-1.79896747220417,-1.35435906261398,-3.69822486793719,-3.23665694195384
4.04584633527158,3.58717600107444,-1.33166425133022,-3.47375329156198,4.5971518164141,1.20970416462845,-4.71519880978238
-1.58563533449289,-0.805302749333249,-2.07523466478446,-1.53716556865085,-4.64767579874246,1.97158195939501,-6.84200448867473
-2.96448558059613,-6.70271808635838,-1.60649930651733,4.88235566087207,1.47087055947723,4.10533369695503,0.280146543188934
-3.45677248333017,-3.86456686336519,-5.30509306585207,-2.76884498236072,0.993129304006664,0.916787165217754,-4.92420057075707
-2.57320470055826,-5.61285851678813,-5.67657336625968,0.296757915872542,-3.57473087804139,-2.87586259921913,0.091725599115884
1.14879422059887,6.5377723261457,2.88283777527502,-0.740205028726141,6.05431762110017,0.388696762271649,0.147897563774446
0.536797128399183,-4.83221223489372,-4.77648365307129,3.95231724158189,3.47857146794856,-3.64784146641899,1.94250135875889
-6.37321391146808,-6.67545311835848,0.203292725876131,-0.495304098426269,-1.08107712706885,0.0317947467475666,0.977983386455997
-1.04737151356556,-4.5480223531845,5.26735994420577,-2.03602863801354,5.39252291119695,0.960260385264239,3.19013704375972
12.6801308938409,-0.0771224486501899,0.83567823855498,0.331451025356911,-6.09716171290327,7.19535433410821,-2.49385664110023
0.853679236258076,1.69485915734453,-6.44064369060327,3.63215627131196,-1.42440178549039,-4.02724629018409,1.76976192232905
3.23768571369647,0.977275942641719,-2.14595620160572,0.959794887438144,-4.8371859291384,-6.05029304393906,-1.86242009317241
-2.28672221887402,4.97829170159856,4.41103145946678,2.33112889991529,5.88069478059143,2.1494694451338,1.93073061243417
-0.659662167966868,-7.49046054576568,3.91012072529662,2.01413540946626,2.27859814591726,2.33293307497383,-0.508568849246985
6.02311825277973,-5.02932177786595,1.15493017777952,0.707955822798836,4.68070991787855,2.63871237683549,-5.20675426419116
-4.39776795360832,-5.95345417029178,-3.80469822152661,-3.72294101779568,2.53269257704576,-0.459661568870481,-0.065273121235629
-1.81244591797729,1.46069757174046,6.60495037093335,-3.54345850278304,-2.3109200789772,4.30081228548129,-1.87457622005357
-3.43416926416441,0.109603618111771,6.38040286105296,-1.1863959790655,4.7956650573482,-3.50444482241257,-0.513599787151652
2.06804176761035,-0.464876806587215,-1.2507308306577,-1.8137729656821,-2.55594073804391,-4.88428924774553,-6.97793893838934
0.193880637565295,-3.07573530831938,-7.6862058129125,-3.06898220905328,-2.11523671833523,1.86537804175502,-2.98127642396887
1.7245653676057,-7.5156855481019,-1.0631224920211,-3.55630410551653,2.49731949920406,-0.498972685635351,-3.50408410809487
-2.97335467336434,3.7246243916012,5.43636001505002,-0.898283051340424,-0.437687269240077,-5.02353560050128,-4.6674808297306
0.489733442861748,3.18877770439866,-5.68088969345318,-0.287254009053819,-0.55655869990716,5.83263749900066,-3.24710022227167
-2.93270658213327,6.33864616927947,1.71525515422858,-4.11817858526375,-3.34858607402026,2.8002772140573,-2.06117158460078
-3.33118367541682,2.1472612202009,3.42712799068039,-1.98098125038793,0.512169824193936,2.09653447982833,-8.18376189011519
-1.66916812788501,-4.28149639267596,5.4460255383236,-0.732407575878369,-6.40412511171449,-2.01318801323788,1.38355728247533
-3.44911469534821,-1.22153317771755,-2.35674560711438,2.67531734224865,-6.79700039433113,0.362397859468383,-2.59862500588711
2.90819667727724,-3.74030348293359,-5.81749486034537,-2.18223040170489,-3.93671750270773,3.29735924056054,1.22414915968285
4.15123314542037,-0.0648105258653752,-0.645098495611978,0.932068455491667,4.43171006824558,3.96082454141484,4.84553031489636
-0.740021981331987,7.05769020559683,-5.26571610275759,3.39942180248357,-1.63750110179071,0.144331930495254,1.87525231003334
7.23794152754456,0.655375908786829,0.474454093164353,-2.49273698815835,2.77203496980294,0.987598445932402,4.12765999907138
-1.66308389573399,6.35587980675512,3.00165615278409,-5.61100040138201,2.02701649113647,2.56710366511259,-2.32924439928062
3.37309664086516,5.12536941204436,-2.30469950466258,-0.0208354721929956,-4.91875530649477,3.88508852810738,-1.07297186927422
-1.3216599532953,0.226247626747651,3.75944624341377,1.18652680962589,-1.47166376597415,6.68066819007048,-5.19585360390932
-0.215293768492914,-6.27110970019023,-5.24713490394398,2.32352602548272,-3.73951930690293,1.17282376557785,-1.27615329336034
-4.16033795484218,2.74969959407473,7.19831396135498,2.21443381012847,3.56182724746143,0.423400075036042,-1.89112972593292
7.18748583552258,5.2292241687102,0.308264884209823,-4.52351179657954,0.0796488851969331,2.96370692662138,2.33869929699853
0.393645723777809,5.19569625336574,-2.33364079726792,-1.00253464662778,0.113477114728986,2.07160866453424,-6.80027390704466
-3.46154233408995,-4.94862476772589,0.285578335066751,-1.23648219752285,2.69126472905362,1.00283495189942,7.01510583911086
-0.741193391332874,3.09925778117244,0.543564443725038,1.46613109664891,-1.93794245544679,-8.05154445289051,2.53533369838434
-5.26364273378003,2.14207305851475,3.34917234587027,-1.29483397511111,-3.36352748281848,6.19474779060207,0.404598263949725
3.18255856636068,-2.05489040153843,0.932514425195531,-7.68017265575527,-1.4311202594951,-0.109947462944603,4.57351127666492
-0.297515887104975,2.87066330230839,5.16133273487501,4.24765357709201,-5.09426890917337,1.65972289575828,4.58477730388788
-1.80146615699849,1.32723835620736,0.0761204028175431,-7.61169757014816,-0.339666438172731,4.57739195496315,0.994023119785478
0.663594345275153,-4.62171148367304,-3.60927314516691,-4.44168110704206,-5.71594044052687,0.626461547918838,-2.39578684448471
0.576877047141844,-0.571799571489244,-1.72363977186386,7.11382816374255,-1.05669121573346,-5.87474005547518,-0.559994962175168
-3.01451346623806,0.266067949298277,3.44305493469276,-5.55749902982634,-4.82758057504604,0.368278121967004,-3.82706539906342
5.2198197826712,-5.29678933142235,-4.85878002222371,2.07342206946791,1.01088293208318,0.445435167430922,-1.8777720842432
1.60842579420693,-4.83533123773155,-4.75345640666736,-5.55219956083066,-2.35801396837484,-0.804542862287427,-0.577728160403757
-2.57617416358387,0.564366830318561,-2.43856361626937,-5.6312240235448,-5.44699235486717,2.22815474785862,-2.96795129064722
0.160513172088531,-2.8102722318013,2.76686328153551,-1.37938145112744,8.16802226798745,-1.98487858570987,2.94149168759699
1.13670371813767,-0.563631201490951,-1.26246275533355,0.0962042367170076,-2.86175015407237,3.93491721433992,7.72749218178591
2.71995495958094,1.21084210259159,0.137627235491406,-6.16395192985696,6.36272808191319,0.584316988710884,1.73154127224244
-3.69537673006108,2.20757009782519,-3.78830839301736,6.561293340123,1.35346313474941,-2.95966657848644,-1.18366829558386
-4.30450634062835,2.17845498316257,0.503679174093403,-7.55030488795268,-1.93218954490273,-0.754338230188977,-0.359559290722436
-0.631060697574543,-4.4011625527805,3.03198169808601,-5.48575104212537,-4.19515211094063,1.0272919783458,-3.02380710753998
-4.28494372667776,1.81514928913729,2.04139102437459,-3.81518167635283,1.95821707921231,4.66573743973033,5.07874672574003
6.2545508251427,1.00732216641862,-0.767436397948946,0.82697074717709,5.84475142067326,-1.52933768926805,0.140547835379216
-3.9953682186249,7.58646829871106,-0.63771781409293,1.57489180895693,4.25562568449272,0.419404419930501,2.06706852371583
0.313113332319153,-3.33339797802171,-6.90389492672057,-1.6611044067019,0.678525898765095,-4.85435976527779,-2.58241320565528
-1.50278569443059,-4.96993603538374,-6.44113178382887,3.95014509159588,0.868267406911642,-0.183083337008265,-1.32946121297798
3.51181079681169,-3.92327773262559,0.336737022448169,2.61854849062098,-3.33155894980319,-1.0453754970198,6.66906895738955
-3.56952173893226,-4.3241950610013,1.62960845910902,-2.33509430130851,-4.12589524888944,-0.300587092463828,5.69907733156813
-7.54641203704866,-2.77753004062179,0.850244250295195,-1.35455619886124,3.55009741799313,0.409636011932268,4.02341518251517
-4.82812479708534,6.88437552004079,-2.10514280982758,-0.769435480413369,2.78912820447647,2.34158685513242,-0.0124393911997836
-1.9705807927325,3.93209190894791,-4.90701736544818,2.21977606603013,-4.28960947075348,4.13133196053788,1.21831521758447
0.650743849408398,1.12750212605176,-1.94873971903316,3.53226054624418,-7.82396154507571,3.66983259407386,-1.55191051834806
-0.483223059258527,6.09564727014808,-1.94666310247562,-5.70211480522313,-2.98145088400104,0.222697324334331,-1.5103787330131
-2.67468349704612,-4.09907451234877,-2.49518508404935,0.746474867487447,7.29405185860754,3.40152496196388,-0.975785122771184
4.10369650951126,5.31575870216509,1.12964312471427,3.64819653661866,-3.46345595655375,-2.46713323748607,-4.28440985735985
3.15405302175574,0.364126938271134,3.74394450672695,-4.2210793798023,-4.90441247353456,-4.76085171646027,-2.16871702881245
3.39313714171641,-0.598621952938403,-3.11662145021115,4.53046603525277,-3.57784071827071,5.92497310260244,-1.89603346264257
4.59304656698868,-4.72425388347135,3.82180755927052,-1.04414257993041,-2.42011464543496,-3.94161079278069,2.79319922723547
5.56586732727281,-1.01003705264661,4.57457817815207,-3.80419698886902,4.71444072951078,0.427998482599659,6.09645601263356
0.460475906817455,8.03103266339809,-4.39322398818387,-0.499914692552368,0.526337001299411,-3.92226112056748,1.03755547675557
-6.28989128560458,-0.422202010122576,-0.508257440341701,-3.7080666934885,-1.4730002237678,5.06330297088047,-2.4759222609715
0.734116179431521,5.68761131171753,-1.53936044507428,1.52124490695793,-1.27027847884625,7.0414540769747,2.3858551884379
5.70319975264556,-0.830064809244971,-5.55530380806256,6.80164532580538,-7.19408205782003,-1.85783714399662,1.91765037456355
4.20906911504948,6.62620802109642,-3.59979275451429,0.914226478982606,0.617524883904387,-0.954496450771579,4.04409004696119
3.50875299224384,5.77913325377635,4.46257098009129,3.86432553487532,0.640856191627477,0.501400039232775,-4.40277523830134
-0.724454184044681,1.23853045824841,3.07007944354256,0.0559065098567106,-6.72674376961532,1.71362329272112,-5.00529041782161
-0.862994367948249,-5.42254319102004,3.89266939447722,2.28715917668971,-3.30634786914202,5.03951418189044,-2.85813042407711
3.95151675114235,-2.15041504942492,-4.99123188595523,1.79555847318812,5.95934074007283,1.55083545769326,-2.91339842039404
1.5265989240985,5.14589979009065,3.24892658323235,-4.37632625202329,0.371873962669386,3.76875444778353,4.46673068788354
6.22564646391988,3.51122431993883,3.58218535818051,-1.52717953259244,-1.43891951138265,-1.02767689604226,-5.2772877310749
0.667293395841619,-1.81512036113229,9.18961573278193,2.7195739453884,4.1139008203973,1.12544477197576,-3.86943435451166
-5.56851526393182,-0.227302153912942,-2.27982032045567,-3.97102817993711,2.16637217521078,6.07741044181048,0.06386171592394
4.06691442878062,6.18910725503889,2.82657963180713,-2.74565734189249,4.18859708122813,-2.00934269097081,1.49395202097528
-5.41115546108969,0.618480480229423,-1.89709308091622,0.734585915570612,-4.3404013902051,2.75697427241502,5.44471566709525
-7.34531491640919,0.671485704811539,-0.996505578855944,0.465788496003849,5.65612638478709,0.361195169922087,-0.281393367417228
0.678028749517651,7.74213810933377,2.37740625363851,1.52200492941277,-0.737285671738765,0.437775672708135,-4.12996346688442
-1.97410875282755,0.0688416195366613,-7.06919024742517,0.904302854252646,-3.22598114277598,-3.53967380502343,-2.00433918881812
0.416030990318007,-4.34027844594524,1.00264827678688,-3.37137187103183,3.00801440275196,-1.88265031781049,6.59114746596762
-6.79360420851187,-1.28173569627715,0.156276774307824,2.46108713596007,-3.43354862781017,-2.18677748455774,3.85031483311108
3.06829305104982,-7.91079516175032,-2.50290729248231,-0.955710988183778,-0.137067826841056,1.98206608066573,-2.48223682917104
3.21911548936342,-0.249694567846273,-3.92467157212017,7.41229685944657,1.71758745880582,-1.06392927372883,-1.17778315906414
1.51735472711506,2.50967528117749,-4.08591654762494,1.34208709007281,-5.34711131618699,3.19815874020192,4.23612895525593
-5.76335575223025,-0.298973471176845,5.0059785901616,-2.64727462749734,-3.94761807976388,-0.197776486322883,0.558756988120061
-3.63510927968673,2.62154367825433,0.732705129274857,0.0652104602663224,-4.52211792796786,-3.206311619068,5.61770082835302
-6.23647055415252,1.29544351566687,-5.00326468906811,1.22704342375984,0.568495905852952,3.32789767407114,-1.92083114453347
1.92954874415828,-6.32973800165762,4.23089306458285,5.38690222905238,0.25780688737158,-0.0486584181202497,2.0473202083871
2.92762656909977,2.10685760490963,3.25249852294606,-1.99532769193269,-3.32315136104512,-1.73152116407554,-6.09119954783872
4.65772760771395,6.8143461583052,3.66205492148023,-1.0205750966646,-3.46605381784479,0.0859977600556182,-0.491084085244823
-5.87907664744153,0.952728737608735,-1.40722119906963,-2.56585538603411,0.878060653423412,3.99413732324472,5.79797181592092
-5.16847858510944,-1.77033750729786,2.22581278060049,1.03209624222643,2.53673351387485,-5.30511540263298,-4.84377218628442
4.92408675737326,-2.8122244239866,-1.49027943522445,-3.25382214092018,-0.496675608715496,5.81058295035073,-4.8115223706335
-1.48831286544009,3.34905481350778,1.14258476551813,-5.95760797896288,-3.77541133530714,-2.13639256679507,3.51171309938191
