3.5111950941353,3.87849270554046,5.07127455099836,-5.99693386242977
-0.992472179947322,-0.346031662867897,8.1156607101129,-3.42493948454273
-4.35449233378722,-8.31793172936129,1.53411342712479,1.26177239548004
1.76965013918483,4.35018136649937,0.70271125097644,-8.11803618118947
-2.35145991558659,1.38759032720813,-4.57998915948778,-8.015285288214
1.67962806331365,-8.53119357868553,-3.18931386917977,0.0239188812439647
5.62950298070098,2.41787152442925,3.93719101420418,4.86342555475169
4.3091335555759,0.593575473628251,-3.9068373222569,5.92834704461918
4.03900272230093,-5.84687762781279,3.47275001499261,-2.63086842792448
-1.06492683964157,-1.36894984041122,-6.10079438139376,6.6468053626761
-7.043786736254,-0.64482776042773,5.24658552346935,2.3549946890439
9.51808544969274,-4.26943467353345,4.43532706378336,-1.1610811175504
-6.38610644054459,0.367205031616273,5.08955894823307,-5.90904488842256
-4.80821314067605,6.98489804024346,0.927371674647521,3.94912408487268
-2.32355707721851,-2.6702990145707,8.99203111933671,-1.21813154101416
-0.580966235601713,-8.73936238403684,2.12555377014885,0.695850810175356
5.60247640239769,4.92875152654422,1.77538207103499,4.82125012177157
-1.45843483016015,-5.67388127917224,-6.30987063407879,-0.31794093572324
-2.77231338264048,3.33800771219589,3.73886521271348,-7.52134393818007
-0.9610963020887,3.00347194741238,-7.02461571913028,-3.3735398645133
4.50357443829181,1.35640798934788,3.70187504198897,-4.62510156671823
-4.66921939330235,0.26574083501033,7.47772069840866,3.38348964690241
-1.06987788642832,-3.44907023094113,5.65341573605391,-6.76749722431868
5.16388437429131,4.52575858730573,-6.1397593486133,-0.00843642458730669
-0.388442012339637,-7.16732054903793,6.56144386560216,0.0564052151282031
-1.12659271014807,6.91642475595954,-3.48966928136907,4.9780551995241
0.495714131836809,1.94276376612482,-8.46324305713479,-0.329429596367372
1.12657319290606,5.13429738086055,2.30365333856969,7.5855471207888
-1.75820696572154,6.3010703130843,-5.82417571213943,5.8666816544104
-1.65381185576199,-3.83210156020723,-8.46493182741307,-1.37693637785136
-3.74307744019434,5.9583710790724,-0.0878425770376114,6.2727368648906
4.5522564071907,-4.65291822888588,5.92701237178549,3.65596403383462
-2.35118946146548,-8.93542406045845,-2.55435475437711,0.539584827460493
-2.65637058659734,-1.48992459356332,-2.06001812698862,8.33337039059447
-8.27047924320291,-0.607038130379083,-4.49737855085049,0.772098843444121
-3.12985791927242,-5.683462029407,5.72932270010369,1.79798333481214
-3.68641130372241,-5.18456996548182,-3.89169547448218,-5.53169808430907
-9.36840624439166,-2.18597221644528,-0.592108748140213,-3.63721149379366
-0.0957762109134202,-5.41080181228244,-5.93896155632688,5.64578520437198
-4.90247790651337,-2.64438330370831,-1.77729865719246,7.15561954202998
5.58709769960776,-6.61463749966667,-1.56502623419071,-1.89184067540221
-3.56999783816492,-4.36578220979616,7.36236254973625,1.18234729237845
-1.12503385593631,6.84288855084013,-5.53848308302814,3.33752212049411
-1.77960162019068,-4.3237069927482,7.44852322538379,6.78032430622149
4.90535785531449,-1.85846778626532,-5.36341775740049,-5.6911014819639
4.84605284970608,5.2857996786273,-4.50007799325844,-1.91110556752913
1.09876500293849,-8.56108751918181,1.55714011824948,-2.28864944287948
-2.63323633038112,4.04043990470384,5.06857450309518,-5.74974626776428
15.9780662495953,1.26644193141868,1.23381715954989,6.98438101181065
2.64057065101525,-5.53548210358674,6.83337312917045,3.1273640465051
10.9651052003475,-0.415665818725012,-10.906800958939,-1.17120247724291
-8.41658808665313,0.828383917204213,0.766553091734604,-4.02467831407841
-3.82648191964573,-0.823489343100558,-0.563656486916354,7.28212333898946
1.90732111317532,-0.263438280624338,7.67810565649275,-5.08016633253785
1.63518040225671,-3.68357653131179,6.72750342075984,-4.24842590211417
-4.36490332082581,5.97443451068185,5.70544589828971,-1.0295301362279
-2.7397375943515,0.799922839197957,8.93553919047453,-3.43379233558227
-5.02911562891146,2.964162127656,-4.70416359534591,3.83994842517067
6.73920355357231,-5.11138156724202,-2.69996171570246,-4.30990057968265
7.54960416830826,-4.01070959756996,1.69674635366033,-2.87379413456848
-1.42672158403535,4.23735977837889,3.89299936986668,7.00143695852626
0.0345876446227875,-7.13605468372208,2.37247323087744,5.49136567909513
3.23465561483749,6.16171997343631,-1.69325572849608,-6.0837095791621
-0.846330418282897,-2.85058789093151,-2.96213814572439,8.14248902060885
-0.375444200217867,6.46858057391826,2.54173813786154,-5.17347323492963
-5.83695776310339,-0.796774871447742,0.657059450304328,-7.46662187202812
-2.37522853295652,-8.73875414550325,0.376670260139117,-2.61738978659408
-7.88176554942221,0.310590256270201,3.41078287887573,-1.93735222475875
0.382395732540918,-2.46567484576088,7.38842889707828,5.13391012756548
0.113809715407558,-2.90665009689029,3.89569056215214,-8.45308954285286
3.6147322581119,-0.871079483611659,-0.583807016951226,8.06115125625153
-2.44411100786085,-6.50198559399668,5.59928184208082,-1.67924753640776
-2.90100639193195,4.43430893902295,-3.36450586288858,-6.52039882915026
3.62195257149318,6.39477327518111,-4.35108793652597,3.44377528263554
-5.45703961509937,5.66509163737342,3.53415681381113,-2.46176821529487
6.39353370678771,-3.03426447621455,-3.32932736255555,-5.62349500534195
7.8223655779795,-0.866043715754894,4.0792901976755,3.22814996764589
2.54936837383367,-7.83337556493161,2.73585801058221,4.25029055661148
-1.26966923926544,-3.85190544453196,-4.6714836047999,-7.65835598734727
7.70932959351909,-1.95212842291208,-2.0804918784491,-4.70849874198842
7.0485493701265,1.0618813054919,-2.97444728074298,-1.50194018353603
2.49308903295662,3.68974641454132,-3.34768895173339,7.23880982716692
2.79809232218483,7.2827818405953,-2.90133780374156,-4.38610801299731
-1.70544970126666,-3.38416482231956,0.897848556913626,8.69024908812008
3.8072505954926,-1.15894837388424,5.96315014174031,5.46606762874819
6.79666241768941,2.31344395487136,0.537799276462241,-5.04482472685509
-2.60856151591755,-2.92815399883409,4.47723543479512,6.54006393138708
1.21012797451077,2.23268558897114,-8.16888351516517,2.29351853061023
-2.52142481464176,7.43659710897446,-3.31152809526869,-1.8123344746401
0.658595095879477,-8.05019511363727,-5.53951778160608,2.95989626496186
5.81944169987436,-0.0821696767422711,-2.37200867858038,5.75037515070004
1.87483672579325,7.23324541603371,-6.10973456049828,1.06705000019502
6.07594637533071,6.5272020864087,0.772334244114922,0.861369706469382
-2.57367610758951,8.86240786006838,3.40933514872214,0.777436411893743
2.52445232326003,-1.26946157404791,8.28452083969459,2.53717063559313
2.56390940071568,-6.18453322159986,-6.02752533863376,-3.91733426141742
13.756812786415,-5.06431915383452,0.825399664719899,-6.28637455788303
0.872359664331536,3.1884704749263,-2.97869852086426,9.31937359605705
3.01219121040871,3.70935241914642,-7.4061747803812,2.38416272152972
-4.43225218469238,7.57124786584914,2.40102973636416,-2.343019909949
0.947174869871359,3.08713676173178,-4.2894097620774,-8.82002984092787
4.99053617868906,-6.41328401935993,1.40066450482493,-1.33291870694808
3.58924284519078,3.90156974557041,-1.87266047228324,-8.1687601631986
-0.312759276663277,-1.17258629534186,-2.36019036372752,9.4367985235724
1.83821578693743,-3.41320417957124,9.53667905101706,-0.380623959432231
-6.10175371882115,4.19247818416493,-2.74809593240637,5.37448325860331
1.197150441477,6.07121590292784,4.89460693137146,-5.75088612491795
-1.98699694137678,-7.2354636395212,4.32115314681674,1.6410627513818
-6.4874800828228,4.34351486413354,0.725023577001893,5.32769632163419
-0.341158617842115,4.07933649075035,-8.48567607882759,-2.78386044144596
-3.29515761406681,0.356909839628574,-7.10318101776019,4.5473666274952
-4.45111578226977,9.71487832852998,1.20706369581013,1.99109711573263
-6.94427106060589,-2.21519045192158,5.27560854667967,-0.798819404608978
7.88583745546031,-4.18748246118762,-3.34830652232909,-1.83776468552661
-2.41605687982275,-8.1057727412364,0.0721545501059321,4.95490287494371
-8.04398202410503,-1.39425671035768,3.01266867212817,-4.16400610892701
2.41811037947959,-6.84228206541342,0.507295327478384,5.16759177933051
2.94320679647224,-2.77786689454456,3.04821771909014,-7.72494765812537
-3.84087885097998,0.908204963740303,4.30593080922634,-6.79125676256865
-3.08595122832223,-2.26220310868774,4.84472525299204,-7.60096200915057
6.46420598147953,3.77193217168075,-4.64817044432689,-2.87957716559966
1.44036810867349,1.66446661495952,5.15925306697373,-7.30983342288117
8.33112268335099,-0.165464999181337,2.5128891807748,-2.39710266042833
-7.855754840371,1.87630831854969,2.33964208798841,3.59099242786922
0.465264305469898,6.07042279388597,6.87171819742503,1.97186555660631
-4.92893124181576,-1.13698296832286,-3.35379829953508,7.00114543262883
8.38739420547527,0.273901112921381,-3.83496409487456,0.938286859640521
-0.542538706448804,7.06848120394803,6.26283822152594,-0.406021459137387
3.57231720275168,-8.02506177376454,0.822947992167064,2.60659782021222
3.51903494446086,7.75879068524172,-2.90889214664476,-2.06315632621603
1.66408291503253,-6.55855952388886,4.58110336881124,-3.99711962021327
-3.80903936373676,3.86900744498761,-0.865799779147773,8.15801337279606
-4.77230139322782,1.79491630716503,0.120746003518989,-7.15280946951507
-3.64495053556566,1.23811157979317,-3.7786553911513,6.82182009138914
0.305309717126677,8.24424164814443,1.45056671714272,2.45752435369459
-4.15106874528615,4.36927774763218,-4.19471478157201,6.99229290664369
1.10687150408109,6.15304080638282,3.58592810671424,5.4171526133337
2.66087434158467,8.06633073411679,6.09886269935955,0.564610602658619
0.598362238620647,-7.50794416949574,4.52843154856507,3.13373377571602
-1.58105665331703,-5.24064016749991,2.78041124923326,-6.90780900042089
-9.18265766466438,-2.64703688225185,1.27737022584772,-1.7107282185351
-5.18992865004123,-6.79663540484025,-3.59277311844714,-0.0434211742936133
-0.277412347959432,-1.37772865577431,-9.92924106397535,-3.72026446782028
7.42218369371922,-4.22642412233526,-3.44872848037037,0.298001762813886
-3.70252511219067,-8.04047665019525,-3.91591914217667,2.09801128516215
-5.10809493483091,-4.6057422888149,4.95319647130609,-4.07843360363266
-2.66284143080864,-3.81690887623391,-3.73425644835619,6.84740877160778
-3.01525267863116,-5.2177791078508,-6.00898843247246,-1.71958519378426
1.05956726456611,7.99108102688944,-3.65116703361225,3.21804627647202
3.53549478297511,-7.97441062801441,2.19240714783419,-1.12194505700335
-6.46494592920671,-1.42752017377706,-0.79802691361656,5.95749518967081
-0.864122635688398,4.21842235431335,7.29029732629492,4.50195493149286
3.05245457121787,-3.81564121045487,-7.59239223657417,-3.01155389369185
0.36611920996222,7.64271908981497,-1.56335396092134,5.13007482729568
-9.02713187216277,2.1273422002676,-1.11609503308962,-2.11462173317258
-5.30805606707622,-4.88413242321534,-5.76415279528258,-1.81701572503565
3.27646609469464,-5.97372648898115,-5.28529627982323,4.95610118279686
-3.34312028654241,7.44186435959887,-0.906606695614818,4.19486404428886
-6.41319561386209,2.54919730051292,-6.26970657125632,1.81216137346508
5.55363783161613,2.00361057396893,-6.3410743343264,-0.188550308911818
7.21230082920752,6.4702403964393,6.51060407615187,-4.45360895625478
5.1627246200983,-2.85116264224247,8.68353464987627,2.04435690927204
-10.1902472982109,-0.42010234904978,-0.728544088780919,-0.183207682278819
3.59974607794407,0.897326498322511,-2.52482251745729,7.27909174404783
-3.62626130668528,6.02266024741093,-2.86310669744186,1.46750502257835
-1.8977640575472,-0.444312352590246,10.0740087379168,-0.93402127226745
4.91647914265453,-6.31896075307145,5.97398240743023,-5.60490885845018
-1.10505796752602,-4.15190853743612,7.31031416580561,-4.09396220490458
-0.85678868221792,0.0545840183712338,-0.344297214126441,-9.01517768909003
0.790737780579843,-8.03878624785807,2.59501745251195,-4.905449581696
-4.05770217778545,-7.31298474540637,4.47696271250897,0.794818657635844
4.57073945630954,5.22137194916263,-5.76206431905962,5.39668603824275
1.1510831577721,-7.76601234869566,3.94574960680688,-0.522972055119333
8.36717794588762,0.494320021855051,2.44875379301368,0.957548431577286
-2.3669426765305,-4.30675655848898,-7.00632015724402,-3.58654854853351
-8.7345210209047,2.8339853446521,2.04839824416955,-1.35379132326245
-4.9527483207862,-5.90157449376752,-6.25881436746684,0.443207287257304
5.08330031081607,1.35880779538213,6.28091707480996,3.62495760253447
1.16924899124249,2.27655341333551,8.80555439411659,-4.46733795122087
-4.35117922447788,3.06708243190597,8.38612220730854,1.21252527974367
-0.762628694139158,6.97459688811237,5.4894010456186,1.93900567491301
5.53316807775725,-5.99372985091654,1.58458674177569,-4.12301129599407
5.98885658475645,-4.56201661959071,3.55190492158404,-1.68375266552395
-7.61397149709594,-0.502791025391978,-0.525096325436885,-4.78599205452299
-7.97975395872489,-0.744058283051507,5.0132716255508,-0.82002062806685
-0.009001377744272,-5.76929367112353,-5.88306986205845,-5.4027662594387
2.61101614193691,-5.86526337048252,5.70710364836647,-1.89022887093545
-0.428405665690276,-5.22595219417617,4.90083397267162,-5.58050909116627
5.72451047831711,-2.39293791587815,-6.25442802751326,-1.74175547697144
-1.36845477510229,-1.08754411104983,-4.5728816206204,8.04387549500914
-7.95666211266099,5.16115935041811,3.92628715585365,0.0086534702771405
1.18492416238257,-1.84025257991104,10.6370728635259,-3.27559750165443
3.11057495928305,-5.07786131373381,-2.22985781036798,-8.16570898531186
2.67425640039841,-3.21925256124691,-1.93540207344468,7.64534715051708
3.53497554765776,-7.9597649240406,-2.32568933038522,-1.11517677406722
-8.15560671681962,-2.34373976166371,-3.39415387389616,-0.943810284447697
5.55787269473162,-2.93648398824809,10.5725765131901,-1.78952960549991
-3.32973805943848,6.5828563759114,-3.86891071315234,-4.21246464324694
2.07705929894045,-4.93763591432526,0.685422126841682,-7.47641154785127
-3.9538768264818,-0.489784677200069,-4.618545502612,-5.91913099249846
-6.52003746762034,-2.56011139886074,-3.65417966153502,-4.76286179261235
-1.95199336552278,0.0884531635680896,5.66089876947432,7.68921154976541
-1.26410775096087,-7.67709946427643,0.849056756472805,-4.51355417095712
4.13307285474662,-3.16147442826608,-6.93195286327342,4.21841535182499
2.72582785686195,8.74663423100136,4.93435063993239,-1.98330222193239
-8.80873933570971,1.92553272055842,-0.127639157751618,3.03796850403357
0.952714485606637,9.50030860809506,-0.0014371582530783,1.200251364779
-4.42628260512982,-7.52947330612423,-0.591315192072151,3.55531557614932
5.39610161495062,6.64453936573725,-2.27592689971851,0.856826683335767
-5.63319283230249,-2.16927263133172,-5.88557666328468,0.990212458857744
3.55333369841118,0.565818554245133,0.941352621722683,8.13864151599793
-8.18770324812778,4.24585983768431,1.93395706953743,-0.0601164138588964
7.88216393712585,1.35789888921174,3.5053457176072,-0.56398579489758
6.65233162187674,3.67917311255188,-1.46813619661096,-3.6122865021294
-5.6281374667185,0.686516853144215,-5.53396171705881,4.43802339902783
-4.11526608254221,-1.0087455715847,-8.03948295708933,1.06649059539645
0.796251493014816,1.03646255704482,-6.25156682310233,-3.9555608972807
-6.22981508677191,-1.73898547455721,-6.33616963274913,3.06688935605358
-5.34748138577054,-6.66475428393887,3.40779683033999,3.72257611476263
-3.40363912956349,-4.17109665352569,-7.88437617501797,0.371033261301859
5.13045473716869,4.6302890967719,-2.34474618390102,4.46143966204424
0.63126825298761,-5.37543185502476,1.44481573941763,-8.39700331807438
4.79401453921639,5.55101659152821,-2.32030082697832,-4.80534788917283
-6.64988843914282,-0.102765180472777,-2.9621577928803,5.96123564930123
-6.7225830170902,5.64853852984809,-0.572213949080569,4.01199919742324
3.78616508461262,6.32328063624054,4.2628734409086,-3.12530906215312
-4.13137929467935,1.59974562989809,3.94969612876617,7.48053271542047
1.76394279101889,-2.5330889056528,-4.54582713835396,-8.11672752381332
-2.61584540481212,1.22596318670785,2.67543105126389,8.20590819838328
1.45077388287013,4.79540202284907,-3.65852830704518,-5.72109809294344
1.24582974602782,-3.49395910786096,-7.80360368756275,5.07630408075182
-3.24921807876528,-0.505463150439228,1.43301458032926,8.88673360800057
-4.04626858388656,1.22477610480589,-8.19819568953076,1.82944858456685
-1.51067104399894,8.09867055046266,0.800255993415117,-3.63681831714556
-0.0970051317931035,7.93036444252736,-4.07399558728684,-2.7389640447863
5.21449196227295,-2.02362118061464,8.39187408559927,-5.62626833834896
5.00195131200515,-7.99028074426367,-2.25821223498517,0.2284023688278
-1.65409211161159,8.18407953801223,-2.39571536251413,3.35176533079404
-2.40666048248981,4.56155411967807,-5.96375616130855,-4.76800515477989
-5.51827558626491,-1.77845790782357,-5.3424940486863,-2.51198537392399
-3.20961944897689,-2.28771492811941,2.55056310551935,8.1439026273403
-6.90119506130229,5.81178861909849,1.50271880797863,-2.78148359819898
4.26093576910371,-8.71759689401519,-2.24625353823337,4.13441676652405
2.98994982906013,8.67370341524821,0.622107755983486,-4.28172141913672
4.51987742819563,0.716424356340687,3.55253739699888,7.79626267352512
6.68445394047096,1.77257893164578,-4.49932828956541,-0.408562290679652
-6.6582382841383,-6.21785419892172,1.40730050864767,-0.585151507425434
-7.35459437049614,-3.11675137591222,0.731710950283294,-5.46754134531105
-1.33968952287797,8.76847600146014,-1.14986026835109,-2.28245589334418
7.53222890494164,0.987733587990245,-1.31178215737202,1.54476101741501
3.43355055128486,1.05874973256404,-7.56384014649314,-2.59087796928354
-0.928041590798651,3.95818013644387,-7.41081441960289,1.8195481082257
-2.00931576160506,-3.30926551738709,-7.17905926539624,3.48393201225007
-7.68719718544351,0.154976754601952,-2.29538675630756,4.55920124381871
12.507545089127,3.14364795686038,8.76021365491305,-1.66555349634824
1.53363583524385,-6.35370199223932,-3.69503505151023,5.82648150834729
-2.04878214312157,-3.79603464703051,0.835891727576911,-8.67231809510436
5.78206759705091,-1.04147144841041,5.72497743265808,2.0785475770074
-2.13572242727789,5.0363844765262,6.73070966729097,-2.45213843166228
-4.06020236158338,-4.04040529866483,-7.51822879889778,-1.67155998547495
3.37691629375313,-1.13362186105376,-1.6980969887052,-7.27373524103677
-1.84615263016482,-5.32940858442229,-6.76382693122935,4.15520997649466
2.58170715431555,5.54660105595441,3.20786355183328,-6.88908728088277
-0.392164522124136,0.78672022640787,2.77840090345136,8.64008917455509
4.0622404069375,-2.03879054020538,-8.76573410031333,-1.518689384512
7.26140700116912,5.41257043577748,2.55129166039703,2.29917755982202
-4.89563720698637,1.42843978408267,-1.95098398081202,8.49017001831096
-5.02083582827843,-0.627180872566315,1.24103510694101,6.78723489550219
-1.67729626934553,-5.02459786955349,-4.41795723140531,-5.29089874220596
-4.64033773222596,-0.439523208081933,2.0159082585583,-9.34089978353767
1.17490832135183,-2.66653726168882,-3.23636140778139,6.93303481853747
1.20773486471757,-3.47247285203867,9.28542109385076,-6.00130404270586
1.89227876789076,-2.41037119265638,5.88399038095915,6.65260063322197
-7.07592883246818,-4.25081696891188,-4.28820903627782,0.224050062259874
-2.55462147638463,6.29318818057026,5.31004279540787,3.53409988392499
-4.45389974053164,5.40247640887128,-4.41639649333967,-2.34657205304542
-6.40229354764198,1.04005064883262,-3.77700366370797,-5.17872627058823
-2.19989950334598,-8.53640822921956,3.5249719996927,-0.721802962267904
7.44021345199556,3.34482854610406,2.52970457345048,-0.513233943977332
0.00431218422613334,5.76992000242448,-7.23547581259353,-0.411279028599992
3.24846911299259,3.5713037151587,3.25031277749146,7.69847467769125
1.86380613355388,0.422448969677405,-9.35954480808926,0.853662112005486
3.78904849954799,5.5202067414871,5.52041899207833,-1.31435225299155
5.49679802245373,2.45404228379808,0.135370729239938,-8.32455310223009
7.54971207643948,0.951595409167947,1.35507457123534,5.18531509874239
15.2918669811283,8.42039754424851,-5.13600967189357,0.932516725569205
-4.87225751472116,1.37475462605417,6.30480386760039,5.89130988634228
8.12395968896288,-3.80459414515763,0.85871261246504,2.91315495168614
6.45743295144282,-5.77179189125433,3.43235037627014,1.65659309053325
-0.84354307067905,3.68126637419636,-3.78225954209397,-7.58180385254779
2.26814653820114,8.68727404475993,-2.77853818535224,-0.399913976308821
2.89183237508399,4.93274884220423,6.22376351609791,1.54479019281517
-8.5898079590372,-3.45273224847856,0.585209264424761,0.334599799988805
-1.40668036506608,3.50783220300698,8.5795681439796,-1.36614451747037
-4.48590294572158,-8.08391547728211,1.12346928444435,-2.65934652630512
-7.05321011899308,1.44660075406243,5.76608276103994,-2.00829982742673
0.543371816797451,-0.463356424511826,8.55723387263582,4.82390951978769
1.67168980277802,3.00640161397319,8.34215264981992,3.60471664968731
1.9511295019196,6.55047014288299,-4.41019258978239,5.63183793105099
3.73007399507479,1.99307102211026,-6.2505513605205,5.07140845175398
-6.57651297158698,0.182024422866032,4.52158633147195,4.45875917366485
-0.121257428017973,-6.0301891806568,5.87628156891465,2.9804282905405
-8.70673232349979,-0.456905448053255,-1.90484636978822,-0.898734310498409
-6.8594160497238,-2.74083633513916,-3.66904825565158,3.06338312259101
8.27535914803093,0.548374221168034,-2.69821446482364,-7.10271273451969
-3.78319066498933,-5.73564809550877,3.81329588714591,4.66259508501219
7.48260049197127,2.01380532979504,-3.07886935950456,1.81829511639076
-4.47876338113584,4.56457581743885,-6.8739137539993,0.510832367135698
-5.9273880345271,3.6409778039808,3.3287067679327,3.91648510806461
0.441053643648964,-4.24069467006355,-1.99885047500483,7.75352430651212
-1.63508924087914,-8.53664386093847,-3.04427019584774,4.2144975490469
-1.83683646464021,7.50533707637202,-1.67667096137408,-3.87137312989527
1.85359256606818,-2.31882295568391,-8.09200298452675,-3.7961895284493
-5.44416605715949,5.17045498670169,2.39421730647898,-4.89823480025784
-4.82703416152746,-3.304218238487,1.45808740173576,7.25281875026513
0.531216225339573,6.79972555681255,-2.88674702584294,-6.4855015402432
3.08246137614112,2.05945711325818,-0.199933325295182,-8.05602325342082
-3.47220450934458,-7.22554815127013,1.68075234841052,-4.37183671130283
-4.61902758785992,-6.24221382378959,0.920887229529829,4.4000832108523
4.34133210239703,-6.25279590276557,-1.79378651630342,-5.32101046240214
-5.80094546808976,6.27687155396698,-4.51627000636565,-0.0545221942895728
-0.971918834279411,-6.20248416724803,-3.9153455706387,5.71667506865763
2.64408220814579,-3.12393189317926,-7.57271702456035,0.70335773040486
0.225699582472976,5.69487226842957,-6.04845799595116,-2.7427920068314
-7.58654787278481,1.4384458325147,-4.6626322601958,0.54920108718903
2.55824320072648,0.316092564985452,4.99694872611789,8.06251082956722
-2.56840700352335,-5.28724329025858,0.448874959083888,-7.17940232370516
-1.70106097952919,-5.64702584427797,7.71391362447093,-0.12306536744664
4.57455838180245,-6.25359205110402,-3.37086013309466,5.51706427174608
-0.487282153912993,-3.61677693583436,-2.98661307666156,-8.05079512366336
-1.12629771875795,2.02568757725907,8.22635497238191,1.95020420445624
9.0637705722516,3.00161817215746,-0.0873966638427652,0.0214522804446526
8.63198220245133,5.63452726775019,6.2737398761063,5.44412474377567
0.702872342256165,-7.65406080234136,0.739194982401964,5.40543333648036
-3.65053048242439,-4.70066838797386,2.72232559901118,-6.27532528389096
-5.13035615909138,-5.51070992813303,4.89864884142222,-1.04493788979627
4.07003926424624,6.63429996227925,-0.291769538463388,5.25952973853959
-1.19145373965398,6.77427418116051,-5.65040566120684,-0.793057008190335
4.9776831272635,-6.84869901868303,-1.8902259766756,3.27995314681274
3.07056128985829,6.37577791058149,-2.15839441672144,6.16125289026576
6.91125309100827,5.13424808769109,2.45026537411425,-0.725748486462705
6.09176133521012,3.62969411962697,1.35890362180933,-3.42089219537557
-5.00721329959529,-1.26873894133783,-5.95053412189904,4.77807412671304
-3.30738276995512,0.945266822198257,2.40702346707764,-7.74449943840867
-0.230200127480686,-1.34036232942618,4.19848210961476,9.06891646276919
-8.94062743305099,1.93817424655112,0.555459584692444,1.20311054809999
10.4234959014867,6.70300814006988,3.31855028878378,-11.0803102125864
-4.3987532729889,-7.75123820019448,3.25177823280524,-1.91944002803265
-1.77806917039397,-8.42351546653008,0.316969218219137,1.88116276331655
8.71812594288727,4.75707448823399,-0.348680451488727,2.78042119676912
7.38309092313505,2.8353169068085,-1.32232060840731,3.63054140965948
4.27007013172791,3.05421655840915,7.91513371268802,1.63352810473728
-8.65677476397569,1.28317505818467,-3.5066076482318,2.89715804074428
0.910846626003724,3.75111222962769,-1.16722654150093,-7.65929964634445
0.395765815371767,-1.64203697475803,0.332633807529463,-8.81066138788614
-4.51560604978614,5.44989085862292,-3.62694894027887,4.85561484259074
4.68424263232989,-4.47308243902332,-6.00515475400132,-0.560055391613868
3.90190423349922,5.70556567392053,-5.76162503482827,-2.75564244305011
6.09186220727955,-4.75685782556187,3.49621384345062,3.47802529628789
-1.26295404521133,-7.96196306513035,2.11331997627304,3.68191118075301
-5.46318180764754,-3.21493505068196,-4.08669912140488,4.82780065702028
-1.88341215159628,0.540791154720828,-9.23942509421907,-0.16574714835341
-4.78010611696425,2.01072483564176,7.1717982456276,-1.04688952280868
-7.94360133006923,-2.79340141319063,-0.0913846258221067,2.52030620182554
-1.0479630487708,-2.8593856901777,-9.48597970693702,1.07037912447507
-0.120695352705771,0.244420978615862,9.50174972108597,2.76255528283543
2.82398303620197,0.355905286484666,-7.73925120159306,3.29331052702267
7.08544943441312,-5.47626614662886,1.4324058367243,0.110727522776988
0.885419356947666,-7.02250106126718,1.56927607052865,-5.19528334454382
-2.87480352463602,-2.76787308550347,6.95529104909705,-4.63611179579984
-0.105581436231866,0.711584531177662,-7.73950343349582,4.76484331296424
4.79730182477955,2.9767522153409,6.03145641605763,-6.11345501478414
8.11749850905073,-3.93768327449684,7.44575942510397,-0.70691885756251
8.5027883826242,0.554979126628818,1.174861572977,2.88101965810102
1.4399364689172,6.58339486355246,1.26841794246436,6.26603025486952
1.86503064914866,5.63674394158137,-0.574758288831187,7.58208438559598
5.51963770001725,3.43265995608188,11.9514926086478,0.864317490050672
-2.5866377830741,-6.04727494786963,6.39148736304787,3.83544983421431
-5.96902804893151,7.4607142047488,-1.79540793116052,0.774040832302941
1.57433398842237,7.70275966303713,-5.00134369613203,-1.75028874913596
1.1250106551791,1.07983650650764,-7.80021258905969,-2.03456402411705
-4.01933018351381,-0.510173738249592,-7.18956630238579,-4.50830250537589
-7.92885580862815,4.8828003909877,-1.70063482966182,-2.00836600337127
1.85651991099267,-7.43158808459579,-4.14519164759444,-3.58284171031559
0.614491872982401,8.83712529256538,3.29561650276569,4.87167969923533
6.5142636761878,-5.98095422094869,0.711459388076476,1.61442463331816
7.21962651062791,3.40506825402779,0.776777407544495,5.81772719487227
-2.14762306532807,3.7562098643731,0.668200243578037,9.69023801900173
6.75005621245688,0.906880965510363,-1.98001586797116,-3.26846568820319
0.296380145449871,2.25656193717861,1.44412039296844,-9.49760837076355
9.11532594055667,3.11832853064703,-6.93773976486562,-7.26847535725066
-3.53510818884959,2.61466741180539,-7.18560909026265,-2.65725212946151
-3.4153369319841,5.27938752714295,2.50175997411428,-6.26658123972702
-0.273993602819966,-5.75876200158931,1.18711543373975,-6.80515439821004
-5.68451637767537,-6.89889539209178,-0.709531128131848,0.791080776402343
6.23643958184378,5.38903454372704,0.708496296346668,-4.52533355328388
-4.68279981394579,-0.148823837464042,7.75199697346271,-3.26834831462886
0.80170202378266,-9.12590974799669,0.661959024219473,-0.410059305788082
3.8644887493896,0.812111195610903,2.37442581327811,-8.25723260057245
5.49359997053755,6.78111172724785,1.28710124579565,3.45266813814805
-4.51520127516799,-7.46973685938467,-0.62268239505138,3.54547298700827
5.28454230709084,-2.59896395599179,2.52548260976089,7.71280027181695
0.885594329027315,-8.35375061807239,-2.10626252185791,-2.69136250056736
-6.5519270724747,2.40146315526981,7.20293898303903,1.9000542344263
4.23075344454301,-2.32338625184021,0.0064492370193185,-9.70872184952327
-5.30295466084307,-0.5925189958082,-3.67135408100346,-6.85232615187133
6.43677967320867,1.12844914933627,-6.56728662614002,1.84943128377727
4.35254750776694,-4.68835821009148,0.989703209031699,-6.13604899661876
-3.54728429480095,-1.01367875073222,7.54356444489089,4.10404057126619
-1.38441269849793,-6.47350706907701,3.92343586644617,-4.80270724673136
2.91830870844469,1.02621965735582,7.15693298095559,5.93133248927144
-7.77514366482351,-1.20192959642537,1.38615672716547,4.82173712827213
-2.54547781383979,-5.91357555029354,-2.89013290488145,-7.35008322507947
14.2899108844607,-3.02636786191398,7.60542357401172,11.6863666162666
0.353151140063705,-0.6568194082155,5.50250885791823,6.58579731240252
-3.62125559506573,2.02590104379844,-7.96079346387256,-0.0858284636659988
-6.71672144658984,-4.10398687050021,4.61226385990464,-2.73149176329836
-6.15543116207751,2.10599129115169,2.5101374073789,-6.97421692994142
-5.79441632396764,4.80912467400009,-0.219234938387122,-4.37654436083052
2.32448224922589,-9.24543486230174,0.549385163296187,0.761609480117077
-1.99182212974974,2.04798828400156,-1.17677583127591,8.82774192309595
0.904022313576598,4.64743750788928,6.7576481383538,-0.459323578409202
-4.02293504898806,-8.00976130787347,-3.23765972956123,-2.98541549447256
2.52937822113238,-7.87016205355153,2.94395471279619,1.29348943601726
1.8540852619391,-3.49642063045096,4.13968739325294,8.34124812441291
-5.90179163117681,-1.00871136128797,2.95339034120281,-5.88674559785217
1.63192315130203,0.687552010505158,-6.53355301254914,6.37072002853457
-1.9538767633558,-6.27180511590957,0.414388934329972,6.81299843506388
7.78317893007,1.45435422745725,0.406664317357406,-3.81692612554588
5.19955795680754,-0.888779169769082,-0.155540258995239,5.85856082436628
-5.86541392133047,3.31694733927794,-5.46152639859795,-3.38566899022946
3.51406350309796,2.06531016359804,-6.16004411245598,-5.63716683859312
1.09043779755184,2.40173217865928,-5.56493432592917,-6.79891860931153
5.68534754114843,7.26930540524634,1.79248557569508,-2.7907741271817
-1.59644981008237,5.94759096691752,-1.6351788932312,-6.47019970011173
1.71032217713842,0.0291212595883656,-1.98513404393383,9.25442600807898
-4.54100954211556,3.5477259056573,-2.96231010490872,-6.37846994162663
0.397819342324987,9.35974474632713,1.68509229936806,-2.70404918044342
5.28178631555763,-0.347477386843514,-0.741497519794179,-6.06447687066575
-5.16058771775496,-5.3961284806371,1.44029912060877,-5.07086966465248
-7.0789232519857,-5.08068748766724,1.84501875922092,-3.2828051133447
4.07073720122832,-5.80124392432704,3.4546668875116,-2.68074852298585
-2.40377050581836,4.07951902472612,-8.98172099806775,-0.212046734605549
6.63739732699919,2.13644240653448,-3.65349208816109,4.6062351083459
0.160209883983428,-9.01793006913111,3.74463172543854,2.16897310675552
-4.32031441444548,-4.47370268682109,-6.03241035266419,-4.44251092648653
1.611061749387,7.87361859180624,-0.357585758112966,4.18204657141921
-8.30372734227059,4.72432132633225,-1.44955969355299,0.396198414537578
-3.86166749590322,1.01709403186591,-2.94050666515743,-7.48901197503022
-1.06664351392057,1.88828748745142,-8.32914838514833,2.06747125284791
-1.86072211589168,-6.59703925787479,-4.46694917059899,3.46208327994801
-5.29636687641359,6.76808093328698,1.99389058796147,0.154144464382997
4.30893051199013,-3.65066097261974,2.40663901431488,-6.95332580589544
-5.66829407469679,3.68916362881207,6.78394631564677,-2.04511681322227
5.65585166735293,2.40653939966539,6.56543265163334,-1.44364789013138
5.04637782255224,-5.08086158233749,5.45387542188031,-0.26291248569671
-7.00994364339132,2.46231607382536,0.158712306864932,4.36496582624039
-2.31306104534898,1.79088339957345,-2.10576095354525,-8.68041281515592
-3.03668270944715,4.47886609802546,5.34347431129772,5.34658007443818
2.02808761678724,-1.72799404332508,-8.97468086833206,-0.962393518567146
-7.32701060300331,3.85653306018998,-4.80133248560353,-2.44045830218001
3.90240627833199,-1.89296569517621,-3.96997197706403,-7.90127943269932
2.41819013879995,5.96774366131478,-6.97349032924127,-0.796060549795769
-4.74428984895475,-4.64294097068751,7.09031599692438,-2.26762256851013
-0.208096549302918,0.67100865359022,-3.04654452788799,-8.34626537892539
-6.76291242153458,3.51041460000269,3.98579907614121,-3.00490154235724
-0.725483807644345,5.38909093084228,0.940892972120106,-6.8288188277362
-2.96265858136931,-1.50429262197832,0.853207851718858,-8.56735028097935
-2.05000332938396,-3.36339904748586,-6.09061200687846,-5.93977780184299
4.50855830894101,7.82424026310314,-1.99199692346705,3.1292556077298
-8.30564854163215,-2.82228778378898,-2.79282330202974,1.2764878879717
-2.90263769424578,7.58970128088059,3.43282137370938,-1.30473638113827
3.00676296758702,7.25501197551624,0.998281586861387,-1.60249596580611
3.21786522805142,8.14611679400604,1.49013632556957,3.10159799460253
1.02449953298655,-3.86345035635529,-8.22972282113914,0.440160920353515
-0.230829671063579,3.99465752904839,-6.30063213891174,-5.98604280347956
6.16814737004728,3.12313882916883,4.8807324967403,1.42831650603903
7.19393558062035,-4.4744384408766,0.875598327751135,5.07093078495572
4.70459281559556,3.63317963682648,-2.50420880530662,-5.39677140996251
-6.00321010551264,2.32371754821201,-2.27747113606177,6.21568483710081
3.67178536329517,-3.57125484697946,-6.06494384952391,-4.48078679984082
-0.828348060564086,6.20635727131984,-3.59119041137183,-5.47006357900279
-0.981904813652462,-6.50641668038869,-6.31808707717958,-3.14787795888048
-2.10686499996785,-2.35472916723261,6.50045043263015,5.57622023957929
3.8754989115986,3.54698768892961,6.11697713351985,-1.91509820639647
5.48903549949249,-7.00836298580451,4.23666716451267,-0.656295550817888
-6.2765993653733,0.947129949199428,0.717809673631228,6.89995396055407
-0.908585319749533,-8.61262175811478,2.81231948114224,-2.50065728573831
16.3088485807139,-1.12730954002588,-5.28184080413956,-0.940813904009871
3.7647076946053,2.55708565846284,-6.88508684331027,-1.33595922975555
-2.40549764748372,-4.70301886678247,-1.76403698202865,7.35116600299432
0.657304124128965,-4.86367049082252,0.0119501082740358,8.66094427198666
-0.714531422771984,8.12627839333989,3.5772873737636,-1.13078529550393
-4.92340417638899,4.31587610980462,5.79110347419188,3.28052588153213
-0.620598230432713,1.12032977456967,-5.06903990860345,-6.26996639200642
-2.76636438498739,-6.87638101057998,1.73836043114304,5.96022815187706
1.7153662080495,9.72055611602797,1.58426427940707,-0.170832728251164
-1.4431609231794,8.63790624511604,0.370637270856073,3.54567980112218
-5.43512876721994,1.45747630787414,-7.3140982132552,-1.12553483639641
-6.31988057022762,-3.9285283869278,0.565383768269153,6.14634833190135
7.88230170631211,-1.04968922894731,-1.60319586453456,-0.35178017783609
6.62991945130386,2.11097700416407,3.69296761156801,-5.54971103109659
4.53673324766138,-5.81987132844902,1.90432076335163,4.72257839156914
5.80791753214143,6.05130630380799,-2.56884279346281,-1.12276654340261
-7.47183959041251,-2.85392410374259,-3.03447930170047,-3.32362102720235
3.24056202222543,5.12600766062334,5.57303608048608,4.22457366725985
2.28647105420955,3.44799426552914,7.04967120391916,5.05727324507559
-1.78783600166958,-2.74822743731116,-7.85463120850831,-5.27919384211778
0.985730367448882,-8.48642068787721,-2.91870036645814,4.04101505521728
-0.43165756500906,2.886777199898,5.98436680901512,-7.59799001380707
-0.828691644129763,-0.586850827906264,2.64319566662205,-7.85136972724543
5.73431397808478,4.5893118691487,-6.18940243281132,2.55814185723555
7.60103626818172,-2.70829789121995,-4.63827262253297,-2.52912666805174
1.48789805383133,5.20401882925436,6.53840553708409,-4.07319460131682
-5.14184584204593,5.5182026376467,-5.53598304194922,2.9309333039454
1.37501357484052,-0.314948070098633,9.68373522016892,1.05840876812578
1.03639207095078,-6.60515546505062,-3.7780372408143,-5.45289200369423
-1.61420566916982,-7.92056233480293,-3.29262528742804,-2.28510338817668
-0.905813093432053,2.11475052175245,-7.73844317129902,-5.62724549908057
-0.246037706062513,-2.97874070293055,-8.4961308762849,3.04845269338356
9.99666570122213,-5.81928327558379,-4.41899978153948,12.671708982272
-0.521117569858564,3.55999247218193,-0.144690823462312,8.20192026810431
3.28249355920556,-7.72175218299971,6.02986667803302,1.61783371691505
2.6154376018995,3.28375699626219,5.67131705325252,7.00292625772181
1.52921113264251,1.96862858115825,-0.225801109793033,9.29678220934285
-3.95048538178785,6.86519720645484,2.45116194359687,2.76982539067383
-5.41373718515296,4.35397328865094,-0.547123102601687,-6.21404142059296
1.95129342380738,-1.30067294108585,-6.33206679860541,-6.64536274037815
7.76135345659803,-5.25961186631045,7.43164950362765,2.83168968660834
-0.144653055023066,-7.69292287178352,5.54123583025858,-2.26978233317228
-3.55306384691287,-6.32546090701658,-6.05936884755917,1.95151788524665
-5.20167169552513,3.52210703227251,4.02427062439118,-5.02010206601789
8.76279692320739,2.4306357780461,-0.853295672644886,-2.43315202327228
-3.01851224539069,-7.71828003192738,-4.85769462860284,-0.257331597975831
3.9133331603955,7.0205680821125,4.22712970535904,1.89124825577631
3.46202347654115,5.71075035848358,0.584367784664562,-5.68949039393795
4.72524108253768,-4.54132419723738,-3.59409038837158,-5.44706255283152
1.91323295035358,-3.58648170123615,-7.2716497364858,3.07913871053988
0.437471873500269,-1.45793147616574,6.34945895796158,-6.76356477015397
12.8959870741854,1.93883329204923,-4.11687644196745,-11.5638470340051
3.31030343905989,1.25855502327335,6.12639798686298,-3.23837877664018
3.63169518896087,-8.39996808094637,-3.92681931026467,1.48037980163163
0.712692689426116,-5.01110025607667,7.57269587478444,-0.923188650831924
-7.88377040897107,-2.59482444548661,3.26035023616731,2.53206339026509
-6.0429363736603,2.00912348891832,3.49646806751646,6.64097000103021
5.43268599356653,-4.97097182474323,-5.52461854993903,3.15901986150877
-7.33862469222119,-3.79787243447478,-1.85054980960337,3.53023645244652
-0.252258491476116,-8.01985187473801,-3.64287343004363,1.51937331892673
-4.86391722658969,-3.02591031134756,8.28575274428145,-0.850858865279874
-1.00780103359476,-7.95783612291435,-2.73311712521464,-4.74685874858824
0.00357404201680515,-5.19697312273636,-7.33428848752762,1.92825817995236
0.256912357691931,-5.92330429109234,5.3084473884675,5.64307529924657
15.5863697250339,-9.6447363639962,0.574480478619677,5.54512590603753
-8.05207521047078,-0.750019758069844,-3.72164413129706,-2.56079324350004
-1.07479665228863,8.5715555806382,-1.89047285448546,0.54365725094457
-5.258782236287,-2.79571352114445,5.12958691345431,5.18565074915104
5.83936229021408,-6.60270593392385,-4.71299380085943,-0.178927051799787
8.75595305340886,-1.15403249764928,-0.179794557751495,1.54810370411603
2.77313735485299,-6.84870391128949,-5.46102472751637,0.923078677771228
-1.73653683990022,5.33619274799381,1.68716345812679,6.99612725679474
-0.402410529682455,4.63576292990621,-2.97345587664844,6.39847042071312
-6.1631246893773,-3.94035925576167,-2.09229463617238,5.80143657058656
7.10359998051389,-4.12481776878942,3.93669909305921,-4.84664458540346
1.31596555123116,-1.66977182589843,2.262275434353,9.5353888898361
2.07689819830905,4.19545261973981,-8.00342878919563,-0.831346197698732
1.41082206225988,-6.36032194680566,3.71855198675989,6.63717367347952
-0.0726669575547205,-2.08361815983644,-8.69803941612783,-1.506167608174
-9.5696663662276,-0.52450995941181,2.56761884443864,0.578265198811064
-6.32114268446627,-6.34925057885982,2.5651290180455,2.13878257052217
-1.21665141933725,2.24747329252324,-6.17596906758215,6.46843595866429
-6.26814487506653,-1.3099107617335,3.78100206894998,6.5335675626771
-6.25373368448849,0.405870229444002,-5.49091935055521,-1.83916602851808
5.1004697505014,3.23481960627387,-2.73117832301439,6.89290006992449
13.8639352443165,0.752501764355416,-6.12909183101989,4.98511705542828
6.97983944676133,2.47249124742649,3.82197284453541,-3.03951803355445
-7.71551824200495,5.48185177384696,0.239748783576968,1.40513267721768
-4.29688219990813,-5.60772570288606,-3.68565453829907,-3.63221413397933
-0.579624896093676,2.30586547825797,-4.08380412640349,7.61999304821038
-5.92595405312022,6.35196159260412,-2.8628720349661,-2.63038159907503
6.23620135889749,0.802982128680911,7.33006700656973,1.53992569651532
3.48999581079027,0.263675350689255,8.70000193267651,-0.401415243447032
-7.46409079504802,4.63051288014302,-3.76432598904566,0.827662328533462
2.19033967457891,-6.34335500334084,-6.01405095441255,3.41482273285296
0.722567461704426,3.17724880911125,6.18454626610129,-6.02310032337937
6.52177618229212,-1.50580821277837,1.83378711711418,-6.28115659385182
1.39443379601617,8.45936316965777,-1.26765406712235,-2.47928645119068
-4.79922480718686,4.79011466926546,2.96061344971071,5.58379785210895
3.70297099578278,-8.03829683272802,0.677587460830642,-3.70529600108468
5.57742710326046,2.23230481074112,-0.405104573835827,7.76743021349665
2.95912796674017,3.37621872216712,8.18763551790518,-2.22886542475089
-2.1614526315812,0.0854015611035352,-5.21074914229509,6.08896475571416
4.65776486785785,-2.89571921831616,4.35052534639378,5.13875390101872
2.02710131871472,0.731745443392021,-2.04607678253889,-8.28528658141702
-6.71624986836448,-0.333345661352741,-6.07343501143241,-0.209907575531237
1.7828927516396,-2.81370808364047,1.31185027687591,7.70630359144286
-3.0380127400531,6.10779212904291,4.96821846488549,-4.10935455471475
-5.97415034958773,-6.2918739528228,0.888583577460036,2.03325751528007
0.132671405071023,2.20330159340851,9.20473361786168,-0.832793686046224
0.458949021661236,-8.58538126326631,0.409307458348122,2.60223392364985
-1.96448175224277,9.17762337328068,0.674832531121656,-0.469811281100425
-2.69125097441109,6.18641339564422,-6.47085546672939,-3.26858956949574
1.54658049678947,1.92257156817503,-4.65226154267459,7.86658572823311
7.18410337383458,-3.03276194239158,1.59246520502694,-4.89259024771805
5.32993383233364,-5.49044391277747,-3.80944550920481,2.83667452343458
4.55810407147777,-2.65063882465753,0.0278359523895921,6.56056863466661
5.58612011329657,1.19129604981163,-5.08671627679607,-3.94184015179251
3.53997688151251,0.176464482740659,8.26914770096576,4.21659897064391
-6.79692098722317,1.5590338092295,2.37155196525598,-4.69760113271416
-7.73601405287918,4.36050772512376,-2.78170606805896,2.8106898613365
5.77017892690124,-4.5042254451035,-5.37429268360367,-3.59806386246711
-4.49808828031138,-2.27335065907968,-0.9934351454238,-7.72999578003066
-2.30836646533972,6.72004513128281,2.79484221124955,5.44376434573368
-4.51687293447246,3.76637081329362,1.2236293542042,7.44961138073196
7.8034308758454,-0.46326968736931,-11.6238014558934,6.66755749383919
-3.05875387501647,5.27561896679217,0.948067801928621,-7.35378653241667
-6.34636311542182,-0.284644436176182,6.60480390288228,0.158428488664165
-5.40765183908959,-5.09659438847719,5.68435384309212,1.97009250336802
0.977934060398585,-4.90641281708798,7.39035401300514,-2.76448780657004
0.427553533144366,-7.84268474893503,-6.29435785629022,-1.31302097966747
7.73286486230349,-4.43468007953333,-1.16355400390199,-2.00819909857004
4.58859204837672,1.0525601165348,1.99075707433554,-6.18559858631564
-3.47132466249358,8.71351258069803,-1.27573415717537,1.15318388853277
-2.47538417873675,5.25917449126214,-7.34848383291194,1.02960619063524
-5.26259094362101,2.24759186245405,-7.0967594268412,3.70691424243708
-1.67083872290582,0.938259923464554,7.2924063623943,5.43477075666942
-8.76675430103508,-0.141519433622906,-0.631201661623289,2.70196700761433
-4.97472888953681,1.9170606568267,5.83863579907734,-4.44393162771772
-1.67884907436916,-4.21895289936798,2.88134107900696,7.32289479073634
6.3562111966099,4.4811124659945,-4.03512148176655,1.57191877947834
3.17948026667768,-6.4561140468444,2.07597167753933,-5.11906133825429
6.5701237885581,-1.72577731683237,4.46019064853052,-7.72307095507141
2.1619209822525,3.18560408088792,-7.65638397557156,-4.00799723999381
2.60425550021436,-3.86294730522575,5.47398781101703,-5.29605135028793
-6.77925770026361,-3.42742626996429,2.65062761419643,4.17298388431902
1.65956840339706,6.36082680008837,8.44082629056749,-2.37076951283791
0.97382459277965,2.84843167967842,1.98900272135864,8.49164324221283
-0.550053762649521,-4.56067168689183,7.59435661260825,2.38780852773574
-7.43526738420349,-3.20614459474429,0.0612742282171893,4.41272930646019
2.09235438228441,5.32086475077905,-5.18775689441241,-4.32141860268491
-6.1998011284448,-6.17967967458176,-1.05406581144923,-4.40411362628314
7.38096449641151,-1.16679749157314,-1.81594905359834,3.12756068914955
0.500707298175807,7.9090038077241,3.36159359035637,0.979609543113567
-3.40989875888015,-6.49969869851416,-0.509342648709066,-5.31180128443141
0.0790390546896467,5.37897254798864,5.85415781568219,6.13501445707836
-7.38689429441556,4.23639114835549,1.58827074166793,2.29895817223672
6.78213800238458,-3.39745965688671,-5.06359483996964,1.33929295627535
-2.78018120221855,4.40673427480265,-6.83172033595234,4.27960427725498
2.64810635389536,6.3752212605279,-7.3528812518089,3.56886977525769
-6.28972021742291,2.96943567480807,-2.40676277605584,-5.35368888226782
0.757369886735579,3.79851609541427,-5.87262747181913,5.98819863154729
-4.10077989880485,-2.63712647888498,-4.8700330345957,6.72258457519144
2.88270959198138,-1.524785042735,-4.77496237366944,7.54553708089129
7.27994896104477,-1.96513377893948,0.133526107377109,5.08633765820988
-1.24809390186831,3.11645525134976,6.18817280106792,6.96150222947831
8.08066789039378,5.45615080937051,0.574312184122818,-0.705729260589299
3.65061215896821,-2.55367741030137,5.52127702713216,-6.83502970912743
4.80843001205584,-0.352658126123575,-6.00763295994293,3.88795736605671
4.3088764571045,1.04846326431546,-4.52132742933752,-7.1372621193541
3.84095305626921,-3.27458229370947,6.27839677605027,-3.48792834654637
6.33709953537923,0.613878478439489,5.73708005791909,6.6179762200609
1.68133902554713,-4.75452936873297,8.30098882697175,1.96573900082615
6.33705368651141,-2.44151123136791,7.72759331252059,-1.56052346486369
-4.50187047470818,-1.13268795548401,5.31132694993643,6.79598207664513
-4.55485356466704,6.99652040111686,-0.555453754888536,-2.36938997890933
-8.43663589454405,0.221977386519795,2.95514547733459,2.54269601417311
-5.36400067850321,5.80043556235688,3.84703639452453,2.04244133618271
3.86159149388352,4.12583861864675,0.498094470367741,7.42578893165985
-2.43686400060982,-0.758145670535633,-8.42370062792432,2.72430404199583
-1.32818114075521,0.839673536277918,4.11049053232752,-8.27931857120677
4.52215864929523,-5.91431406979128,-4.14373551465992,-2.62650049357354
-0.857812104970231,4.41063354543841,9.12864077032672,1.73931680958508
6.23243058561574,-0.270283577226722,2.62790225950618,5.8420391833448
4.41330622367476,7.71685599150143,1.3052650617361,-0.0809302035370686
-0.977225040022619,3.49925400855477,7.29514751067636,-4.41036748842046
1.56169709245791,0.64702710995008,3.42863400418087,-8.14260791841443
-0.838542324415741,1.18966872335296,5.46051751162257,6.30356747190872
4.81999070913906,4.72013818648608,2.14393026987216,-6.16525087482046
-6.06633695113304,-6.09182848932021,0.534547321524026,-2.67194209668379
-3.22388700270805,1.35313873237385,-6.01720373906501,-5.8471417672179
-0.130257209373236,5.66808968918995,-7.03095536149863,3.11467083010313
4.66401836966223,-7.19343344647789,2.30148875583396,2.04528039643007
-3.84507880214506,7.54827943030419,0.512923413047878,-5.19840094435391
-2.12750261499812,-0.324664961257802,8.63040320577292,3.36168644574837
4.85621438263685,3.14405882729231,-4.47477023024005,4.86143521231143
-0.888780273373097,3.13540665057111,-8.1654357005028,4.61626814855847
-1.92690122851891,7.86827689249721,3.8680730219269,3.43396514022794
3.73789798761904,4.01046728945029,-6.39738089172391,-4.21556388724389
-5.46723738526804,-6.13614271573483,2.92394206763483,-1.08441047381806
-1.67571293638742,6.7807480959416,-0.134689997024499,6.64589926869687
-3.5916520821891,3.16127077376215,-5.63741025307065,-5.30099602071356
-8.90546007927418,0.676580609836789,1.37947315559827,-1.55681821935683
-3.73215979984256,1.31886223074588,8.95565083948545,0.106493937115698
-2.770640562298,-4.33776895175812,5.00191442489371,-5.73433750268022
-3.97201882411085,0.16510971041009,-7.68895181609483,-2.42492458555124
7.58617857737282,3.82214024746968,-3.0164047601717,-1.01953871871499
-2.00415908809866,-1.19919796373106,-2.5849612442361,-7.91588026709309
-5.81174169916242,-6.76535121672324,-3.7805425357179,2.57842962544649
0.502503223886423,-5.06193586816201,-7.31795268267903,-1.78217866839339
-5.43361834987834,-6.37006504131122,-3.76665248013772,-2.16847686367975
2.352766223372,8.66741559553111,-1.75270244721197,1.87719381809468
-3.4909846269252,-5.82987830074122,-4.96764855982047,4.38653618144725
-4.73486229490928,-7.7012615380297,-0.216793536799617,-0.696797182947506
-5.7501217817303,-4.30423944118839,3.37209086619344,-5.68676871514115
15.8984504492397,1.08049210149923,2.94240425756706,-1.63251482342679
1.53653176757473,2.83054690018298,-6.55896627556888,3.94579817382203
6.77809259760552,1.56781517224753,3.56590376759015,2.11783068062334
-2.0594827545944,5.34639670373134,-2.51322815481552,7.68442761375787
-2.45727186522178,-8.82746280925325,0.742545302756965,-0.0991005011203645
8.19859248378104,-6.94767528353397,-2.32545965633012,1.19496973852163
-2.37591071326561,-7.04648134636696,-4.03256368579163,-3.70747040382001
-2.6325475684917,1.82913233862317,7.15090705412207,-4.88299445328154
-6.59169396726557,-1.04100920753738,5.21809544755054,-3.95484713613043
8.50403910165109,-0.915115105501039,0.568268826565231,-1.93226899848235
0.352013102816396,-2.99451296883523,-6.88979985587655,-6.04972455245529
2.5690151062058,-7.66953594970769,-2.13029971855159,-4.47041115115703
-2.64835306339127,5.72267003021756,7.68407427232965,-0.448007357060428
4.05210165150689,1.63897224380821,-7.79377036453021,0.877168434913181
-2.14538415978459,7.30350798464325,2.90622405450401,-4.78220220581773
-4.31686714368756,4.93999288389522,6.52623802616911,-4.27030500180754
-2.4554529331731,-5.15481595049079,7.55886617562292,-2.67544231758083
-4.27913178478252,-0.469781222324948,6.71252532381711,0.815422761539425
1.75492300536714,-3.61491424144191,-6.25726144796396,-5.49585225858711
4.55398076292092,-1.66579639444464,-4.21472835075598,5.16619072891985
-2.15929887640507,8.44441230620176,-4.25259258538872,1.0891817305033
8.53799371600001,-1.45291434455583,1.91146337118065,0.190422654693333
-0.371039749577411,7.81563853117418,0.0654411669311033,-6.31614605350994
-0.0671272807742463,6.92005799440525,4.62018900136255,-2.86757488019344
-7.45032229080145,2.34940090651472,5.3622569398277,0.332724103985067
-0.769900363152333,-8.37908782885296,-3.81045081446367,-0.407980277240585
-7.37209586297927,2.87031152248538,5.01571762147393,3.34851190211583
6.98328530454239,6.83837831245877,-0.770261750122518,-4.70296441401351
6.11250324723251,5.25656417521328,-1.59878496632559,2.27159839367353
-7.64903741507943,-5.78666574022157,-1.0703724206119,-1.6927099484075
4.8494181395142,2.86609793569683,2.0570293390707,6.3368769890738
-7.93393521433093,3.60968463405653,1.50273835976448,-4.09125428534512
2.39526570187478,-2.27808370921462,1.51003136565914,-9.15506378250517
-3.53043801112066,3.46876838881411,7.87673008896546,4.13245060295263
-2.64799288276927,3.22312316185697,-0.704011903958189,-7.94510775458302
0.581312709769385,-4.92386767186876,-2.28773115559444,-7.78877681046294
-0.489525345296811,-1.03914941504667,0.910788344115553,9.11019540284806
-1.41827829512979,0.765775072170329,6.0878127016063,-6.68663586177584
3.26478918561322,-5.81938055521075,-6.47322193348659,-0.143267957145283
2.6437873019402,-4.69456764923742,-3.49475217735928,-6.17531902473308
-0.940167687386668,2.03236117855092,-0.317592121090429,-8.80159029127415
3.23305155319745,-5.67905859119131,1.05805968432396,7.01515067573287
-6.37716024490583,-1.65448507914919,-2.14910852390184,-6.11363526649712
5.63977318414724,1.7797045939766,-3.06182332482983,-6.47091568783412
-3.58535921298968,2.3428610231409,-5.3410146164604,6.02689569580361
-1.08225405013365,3.50517673642281,2.04990675648443,-7.72206035125928
1.17590932907365,-4.51788163242741,4.10717054903489,-6.44865261636405
-7.86824427731331,2.7552453686864,-1.21752421404493,-4.55421756621101
6.78726859943982,-0.216945623784815,-4.00002008114701,2.83573610872543
-4.1236292770516,7.70896448404687,-3.85846319294433,2.87136945577195
5.31645588252331,-3.23029164967467,-6.7508908169777,1.09618091407279
-0.659873079476982,-6.46560919420506,-5.95734525620107,1.71529081965174
3.10628146011028,-6.09992584458009,4.21820582045979,4.63689828834101
-3.78800017525247,-5.94589627996087,4.32711427811671,-3.99108008734722
-8.52705065204349,-4.54164450231567,-1.38990004344157,0.523334609013207
-3.54324925381444,6.96492736539048,-4.94249734253238,-0.0340862613101117
-6.14952315529928,6.38156530096754,-0.252810956995994,-1.07749668975298
-3.81091198765007,5.82515603444835,6.42360433427857,1.67202951295711
1.61887449633812,6.78367011863219,-0.217310475311147,-5.40020208397118
-3.98099767987565,-4.16009709758083,-7.57713313549726,2.56675769828042
5.01035471160703,5.53699064872609,5.01409589742713,3.50453927424834
5.71957837172258,-0.0528238662604602,6.3800920008354,-3.60552853082545
6.05557161489998,-3.05119155988769,-2.81658062262757,5.85043191878042
3.56487681369989,-4.9413210143504,6.74638253734119,-0.48252576858209
8.15594510879752,-1.27722460419891,6.00268443820775,-5.07389563731521
0.526646216635246,9.23734866275466,-3.98702016492451,-0.602855938720627
-6.48932692327696,0.772978957901302,-1.21799117143209,-6.27675054062044
-4.49644635373815,8.62842604410127,0.134849917536933,-0.777791732476657
5.90988675089673,-1.62666738112557,-2.06021487874156,11.5676837948237
3.59672639074148,7.77411168896975,-4.23442360739928,0.885805286625458
4.07305690984215,6.27728005366666,3.58502933204125,5.67354881486533
1.36648348871822,2.59255981960848,8.03665235810339,0.338493909597995
-7.11173175563408,-5.14368516141993,4.37294815756504,0.235117129080939
3.51898232369485,-2.85334031202891,-8.31662512869042,2.21235823035003
1.17376809237169,7.98573484667249,3.26498141025613,-3.97891329973971
7.30138340890937,4.14718303174294,4.97200444262718,-0.716497595402834
-2.42370035993286,-2.82271627222704,10.6792112027728,2.67690148603679
-6.14023764568092,0.102167623695279,-5.67218249422488,-4.85377369598384
5.11985222304959,8.10842944844707,-0.730749533380187,-1.12218397598726
-8.75900372694657,2.12566846761198,-2.24970324252005,0.0433076075058779
-7.15375916188399,0.200886936115272,-4.55945816639935,3.43194953383937
2.27959040072169,7.21076735864941,3.53058098815664,3.0983059187109
-1.90880719079357,0.887749987858049,-7.87869146024468,-2.63288113007777
-4.83979341994594,-4.64476949618078,0.382273276730603,-6.40769363799115
-7.95925266569322,-2.56319719394991,2.7012689031934,0.79095871722302
2.6656064060027,-7.72580884841726,-4.14136918416635,-1.66788665626719
1.18566064174211,-1.04279831757954,-5.43058660956035,7.15020511808731
-4.72072587608496,5.81970705515497,-2.20925939950752,-4.45050393991361
-4.08564819439842,-1.0865131965813,6.21000024807572,-3.75358488304257
-5.64204501406188,4.76786631342402,4.33839985005288,0.423412470534371
-6.04709175110216,2.59419261639744,-5.56004678624844,-0.452245599769131
-2.86902367854517,-7.55309940083416,3.87507407764507,4.01739562908149
6.2193376970418,1.16267997876836,5.01210344563646,-0.0107030028593947
4.93341730524495,7.12928300831327,4.25661441190927,-0.201305429021653
-8.26021686851733,1.74279487164881,-3.66061418322086,-3.07672044005645
-6.45819942044483,-2.78897353882786,5.77261770221376,2.76139062339813
6.04250517321091,-2.00527300640053,-6.56377888570455,-4.37958263672475
1.12168311326023,3.94090328236923,3.16960223052243,-6.60991665014032
