3.21085458769819,3.94999479497611,3.79302130137189,-6.11450107482328,-0.966264634111439,3.54890530985211
-1.26001717323131,0.0718150593761888,7.55335468503357,-2.50142511518133,-0.901355680384675,4.2701243187794
-4.97058525845812,-6.59959978701704,4.14571496394561,1.64825532843232,1.9457523124317,-1.13386985979472
0.992170685135941,3.81788312292594,0.984198486183739,-2.03199864815203,5.93301479472097,-5.8647765258854
0.187283367679892,0.0515639478150987,-4.8438747364239,-5.5923014500002,-2.96739205673468,-5.41042597744198
0.327793548233057,-5.79495558612381,-3.00879279952222,-1.72321127722722,-4.70108018984859,4.70333557929459
2.88496494231169,2.59513639974076,0.385875655092898,0.469066628972951,-3.42417413219996,-7.66699096965219
-0.307516670069928,1.49706112530148,-4.53036069828721,2.82652846671123,-2.64895538680481,6.49418398927561
4.08726894934346,-4.18651407003593,3.87242653926454,0.929802275664919,4.14982303596061,-3.21333008969132
0.374254650606006,-0.943038853481503,-3.33287467342611,1.7228221702231,-3.76772842330543,-7.6705930235369
-2.99192612740196,1.14800855015787,5.70606414548196,3.77847039813239,0.231693871894524,-5.34786808897545
6.22978820700029,-1.9430494611169,6.77602369682779,0.473316830221676,3.97252915800163,4.83055126408222
-4.83578977604791,1.73260996583007,6.10050822503355,-0.0636663665190434,5.89612548716523,-1.21695356079037
-3.7157516643206,6.68264667543497,1.72813312631723,3.88858506693777,-3.45553121727955,-1.20855256783187
-1.19817262580387,-2.51402299738495,5.2240508533514,-5.02964164393081,-4.8125442097019,3.66502860792818
-0.578926499035759,-7.99552268355319,4.45274269235851,-0.674912449539171,0.508658991054569,-1.04637588024344
4.71050113266091,4.14761691907301,-2.8353835366251,2.14561685711747,-4.66916875328974,3.69514055530038
-4.38288610294087,-5.38271290165435,-4.51467580279736,0.324201143094885,1.12248746181554,3.43828243874187
-1.08470887125504,1.17362905240068,2.46534698845813,-5.04349302547453,0.509198422311085,7.46145123817307
-0.00206692581808863,1.36110307640496,-5.69260607054733,-0.845167219066545,2.67290680049669,-5.94558782416223
3.7987813488501,0.981365108570001,-1.57894126721352,-6.07219500476051,-2.58391550071734,-3.21130468122043
-1.19213844521526,1.7918644465631,4.19569424954835,1.01713054045583,-3.47301191774975,-7.50756172939335
0.0852421127664301,-2.18334962151899,2.61840011857109,-6.65703911830141,0.552069721075327,-6.06101250501866
-1.507402007248,2.55658873796698,-1.40568276895358,0.176311744741703,7.14512753291934,5.30735706482988
0.239485781410579,-4.75515235795372,0.302904525774041,-4.16476547085581,-5.33554519161033,-5.35222047130193
0.0180729342736562,5.81888139412664,-2.95171117922997,5.83813060695842,-0.527567593875696,-3.44245544670591
-0.0626812939540107,1.21138353479376,-7.08831863861005,2.79852057029175,4.56785176243596,0.688740487971553
0.651424089942654,5.48800078009844,3.42418275312945,6.34471807085396,0.272885528766133,3.08135517481706
-1.94739359637082,5.70094557143616,-1.68116145872271,7.72744384410422,3.08271664691796,0.150314002050781
-1.2894332785451,-4.44391086219154,-8.18242458465575,0.707964276821497,-0.338294280528084,1.84032838512976
-1.64184793127942,5.09445669279316,2.75706081904722,7.20723871311675,-0.976741407541187,-0.86816938448933
-1.35330503752642,-0.737489431406692,3.52419814981196,-4.03037338512172,0.143379267818279,-8.18742800020431
-1.31702187297489,-7.19644172209751,-0.80888208665292,1.72123740615567,-4.43841064948485,4.01170445553691
-2.31955745850183,-1.52516609249554,-2.51299224968735,7.00615491027233,-4.75400388307341,-1.16160966144641
-8.42661952871712,-0.739999125954398,-2.86207956919721,0.245591520647123,1.88783591733041,2.78413191102571
-2.13256812379228,-4.79739410773785,4.39281779283228,-0.695279995335087,-5.44059984100203,-2.68800829371676
-0.712468915493891,-6.22166511095852,-3.92241539173611,-2.10518213186744,4.57617263838617,-2.80313068554898
-8.49643204603452,-2.58782259376931,0.348945505504338,-4.2778856327572,-1.18897056569339,2.40159779524081
-1.91935208885443,-5.3290998763232,-4.68829648063193,6.36922521397541,-1.28932221055487,1.2660650198724
-6.82112716265109,-1.22322506168934,0.0708482862278332,5.54975019626234,-3.17414244104519,-0.0192870417408438
5.7010380425893,-5.8148852365786,-3.01321315219859,-0.639970985330771,-2.61645237291526,-1.78911812858457
-3.45249905734626,-2.63507965977441,7.12557452492814,-0.759904067746774,0.406834133381408,-4.52464470505381
1.56475158498884,4.51241496985011,-2.0693204785151,6.92003516243814,3.53351265904878,-1.64734933559222
-2.51000109886642,-0.72948319731948,9.81648782484124,3.35599364379308,-2.25686085353259,-0.38012998418446
4.22734509196681,-2.17992393883042,-5.61705607250017,-4.28761421726416,1.95914121887161,3.84952328072157
5.30502457109113,3.82917618890792,-5.80971299473534,0.319221387328681,1.91280563631217,-0.551215063353108
-0.779003893476668,-6.47178267674802,4.84826854277546,0.33821511993384,0.045747249434291,4.42339836099351
-3.51026023430377,1.29655835432921,1.76020526369195,-3.73388946073358,2.80172084655432,6.8822302286751
12.8320731316934,-0.0658605601737233,0.0847456636053211,2.42097789627267,-3.63218751081848,10.8069660185526
0.976972628942836,-2.74085310818131,8.14047395198172,-0.74890000773277,-2.39024140770006,-3.96674751357221
11.5496922239032,-1.31242611478859,-9.48999941218598,1.74534156297968,1.58360402385033,-1.52827197265908
-5.7174895188371,-0.984959610735606,-1.64140081784879,-5.48863397431598,-4.25476670061663,2.41315274299069
-4.43341768760941,-0.948388115831201,-2.62085002034406,3.06136759105797,-5.66108080522272,3.13218236842058
-1.07189743922039,1.04200298353618,7.32245090758287,-4.60111045798851,3.38141356835147,-2.06277228265159
1.86418293319473,-3.0695325766953,5.32719855796047,-6.25894661221999,0.67255165333779,-2.09313050338678
-2.81299358932475,1.77839928574496,0.664495148244386,-5.07884167251057,-5.49062282910992,4.87886091512319
-1.29328762150948,2.49045153974735,9.30891515013696,-0.717830653227393,1.3823526251753,1.13313476500865
-2.30646087674174,0.725304639070143,-4.62619742729801,4.84477853838458,-1.49251392046045,-5.03919914279353
4.83059681259866,-3.52734618722094,-0.646184151202912,0.181605528974757,5.22781944511566,5.89928286337591
7.61021274890292,-2.95131113298816,1.59152738993393,-1.15415491051863,3.33790112248358,-2.52184375576077
0.425357698693499,2.66262343991415,-2.36177449122739,2.78371406892016,-8.05148589780804,-1.84314183385178
0.220342187444131,-3.65877547810702,4.26746791015294,4.40893088616042,4.13706581332877,-4.69216826800886
2.17029494323737,5.76955827726942,-0.529597138905811,-2.83089360331089,6.54039672687138,0.858379383312261
-1.25802117365256,-1.71223937770284,-0.525236869019753,7.65894429995912,-2.88661589799435,3.96859584397365
-0.864815246766336,5.59162137616459,0.636033959604845,-5.74234922716071,-0.657828071716621,-3.95489086739887
-3.50585063917935,0.122472051099521,1.46981120319279,-2.69080240035511,7.70632376839516,-3.19689237423771
-4.70149553079126,-6.81350811683085,1.06936645917343,-3.55581420543026,1.36292444443445,-2.76824559803521
-4.83385521463207,-0.590074216652474,-0.235902252285552,-4.58964110962318,-5.93191527110224,-1.85976611835212
3.68827363826722,-1.46992080370113,2.2228997955036,3.13023887782222,-5.55545584125767,-5.41156048767868
0.360773099493762,-2.40183440232157,5.83816605721376,-5.04549149099577,5.26584140453711,1.19747008692159
-2.36938424023018,0.942598547678094,-5.60781407917316,-0.0407332052988781,-6.97186429281585,1.56464821948055
-0.150212429260455,-6.60555271011359,3.3103477857757,-3.44992744486822,-4.44868464653094,-0.072825939742972
-3.76196851840963,1.95217558465603,-1.9016609282219,-3.77244235150365,5.47288686677205,4.36862871323172
3.17025287574254,2.97459134458508,0.793593422535423,6.57652966108859,4.97486688504764,0.274603968776576
-3.7954167712056,2.8797102011865,-0.63284744110804,-3.24948985353727,-3.33571216106465,6.32893144013063
5.41578962692283,-3.12951858020419,-3.39731529510178,-1.6353249421765,6.42889677752251,0.488475110677156
-0.478618582578904,4.27000341626815,6.17672115849841,-0.982775175079264,3.55065467204399,-5.10226529845407
4.06180772217696,-5.91706040273432,1.7663481368255,2.90558775632796,-4.04762778424554,-3.89362712121302
-0.775827402022822,-5.16136522791462,-3.51734034918537,-6.81958769621985,2.65304931544508,1.86262409622551
7.27021835743709,-1.33286317212022,-1.71625351174523,-2.02895960218152,5.20809104832417,1.73528320340701
-0.312889037163712,2.24850649898348,-1.02605741388382,-4.25843907944181,2.98517020701804,-6.59966311227602
-0.794156342198528,3.54298122236294,0.418332037234471,4.87802991384674,3.78980974751287,-6.08142371716152
3.326040348118,5.70742387121466,-5.67603438101999,-3.33961546029207,-1.37317659211756,-1.15553382466122
0.736228110988873,-2.59964410770767,-1.65150392369905,4.93282318100451,-7.60052175186286,-0.657545726809811
3.93267982337437,-0.999859764011353,1.86606981062309,1.85272826734776,-7.54121113924018,2.67004190554346
6.26805578907668,3.66502636508663,1.63822062091607,-2.08726110027518,4.6507840812488,-0.627504997566928
-2.55839651001403,-0.805194836777957,2.70578865438755,2.36055814911121,-5.27984978113267,-6.0956877562951
1.20811195740457,1.64651817334042,-7.88416595336302,3.56713264232992,-2.08690124753535,-0.00861426803098185
1.89962254699764,2.95973854091025,-5.66521192045951,0.542151852411608,-4.67250470488583,-3.74222654064535
2.36536242817821,-7.4819470762536,-3.15409244397661,5.44118351986118,0.0989065732529978,1.24036822249821
-2.06554447987906,1.39387829420422,-1.77140177621941,1.77053968006375,-0.290898276603284,8.43384945257402
1.41065323285911,5.33915162867796,-2.55918723144682,3.04689041017985,6.87461544268927,0.933627037500154
5.64472731600272,3.37508365455141,-2.99282175162273,0.448843760349996,-3.93766059242147,-4.3037870882309
-1.8228946921864,7.32252775117632,1.3192302480782,-2.15045727316912,-3.73425953839171,-4.50348304047658
3.09915253939344,-1.6504879216915,-1.50174363647474,-2.24822626546324,-7.27515062901995,-4.30594256419455
2.37177037081895,-5.3981644601056,-1.55578855853174,-1.58026864606425,0.486655105717317,7.49851782403689
13.9272803078118,-2.28334609405341,1.5230278109903,-4.14200804183165,3.80311153650873,3.7576738440375
0.364431926068167,3.35000780522406,-0.839640934073631,9.53092282566147,-1.13135466858581,0.997440967420406
-0.168199744704629,2.79889075967246,-4.48637673995493,3.45156327671441,4.95571435075127,4.82260512712949
-4.86647087085426,5.36308786984129,0.751339566626707,-2.23079468020957,0.226560628055296,5.64988785641322
-0.664510781500081,1.81818142108534,-3.28619165041406,-6.10467048029064,6.79454464521104,-2.62101933659097
5.85333927866843,-5.89138648979262,1.75654334081821,-2.02467256773905,-0.743029676429957,-0.513142950327809
3.90926946247809,2.80711868891305,-2.96616551840116,-6.95729666423153,2.02039977001371,-3.66124830438912
-1.77544714180268,0.174635312720652,2.13031120779564,5.84808691141443,7.32502581222366,1.27744419496609
3.67002280627518,-1.82092626055505,5.2963530684965,-3.71684259397927,-5.26951594653331,-4.48706515693846
-6.27569254746456,3.82542617397455,-0.683955080237696,4.98060748279278,0.313510907979228,-3.65336625268662
2.10949708563511,3.06945514148407,-0.0183673658197045,-7.07547922729672,-4.09399104925576,3.94994836175585
1.31397011172345,-5.76325817620485,0.351701515839482,0.43479045887409,-5.16766283984597,-4.61749967734757
-0.867954047854091,1.73752361214058,3.48759150403801,4.29260209421705,2.08423213585257,7.11543642810039
1.35547178236319,1.99027633355344,-7.50635281713301,-1.6447424093739,-0.802731185723654,-5.52255539350403
-5.32009665152742,0.434107273394108,-4.48222550129779,5.41787053060278,2.58627554073065,-1.26521960555597
-5.31597719328949,8.2641806270651,1.91697903866585,0.49339422618034,0.474948430680941,3.86759903629949
-7.04709093434637,-1.17539354913901,5.70196022497918,-1.15911174555557,0.569788706520002,0.654114258495619
7.67078442008313,-3.9184057246816,-2.09129397878158,0.148315978564279,1.96771022425921,3.56458569164642
-1.28885994198746,-5.74521963252852,1.16395840765544,4.53559131019063,0.90863057904082,-6.26856935378729
-3.51120404980379,0.230155960673052,5.68792673254293,2.02071534293945,5.98128852774148,2.73852938775551
-1.51878690148485,-4.7938739896612,4.59776389289764,3.11595235367199,5.3120958393903,1.4956651422596
2.01580473352353,-1.65100237665504,2.84144967760796,-3.73944559442464,6.8736410569757,-3.61869600685901
-4.31170506116707,1.47556868046323,3.26794912815632,-4.88173284824995,5.40850896431628,0.326471586705609
-2.23555656256403,-1.04887983919796,4.64724761207419,-8.17870851141325,0.571475862031453,-1.02311951355987
2.81259351987454,3.92076092110747,-3.83206977649946,-1.90146606892923,5.16828847846355,4.67311936615479
-0.171204554719325,3.48098894111873,4.41697621924592,-5.04446367589998,4.20911978514853,-3.71323544920979
8.22414609179487,1.22006820110191,2.27569229138861,2.13799933117156,1.85984084994674,-1.81988953232006
-5.73364227194015,2.37349337641824,1.89422234550606,2.42193124746468,-2.73040835207633,-5.62039306636549
0.00158446381728584,6.30576990324405,3.69458952335179,-2.53059502516333,-5.17270004835647,2.16740292610108
-5.29631696571714,-0.853982922924664,-0.0998051004459255,7.69501960894413,-0.549950784371898,-0.155602068310386
3.74876674849821,1.28805150279608,-2.04468591156683,1.11946872669224,1.16268378375799,8.31159241535316
0.608820343347431,4.9045711850555,0.440232307577066,-3.52309300854466,-6.99517355698787,2.52051767874748
1.52623240566581,-5.82142395076076,-0.075239584806361,0.320611263433931,3.21599449213512,-6.60224495842956
1.00836832351281,7.23633286690944,-3.02646422662053,-2.80074065308127,1.47762814973228,-4.06940910045169
2.75239904688443,-3.1566456576395,4.79785315074273,-1.74108454150235,2.29984687172609,-6.09143648753194
-1.17013739982654,2.63628312529895,3.47312157304905,7.73116099612395,1.05826654705857,3.80596735167881
4.50992694558001,-0.619821218600577,-3.41384211884449,3.37957490648725,-5.88395691885568,0.18539193967601
-5.62754897652266,0.826348324185597,-3.36721177744319,4.5517676354612,-2.65244771490198,-3.36003145974792
0.912939966815472,8.22972324092638,-0.323695126405265,1.33692020511175,-2.55644511092245,-2.23023085537611
-4.91879602519207,3.93025165509882,0.463321951689182,6.87193358159129,2.1188579005643,3.13877357713777
1.51864644148866,5.2258330578087,-2.32322910782972,1.84564057262861,-6.8998114470042,0.955666585346397
2.0708873416451,4.79625925401966,2.11020360284162,-2.99926901027143,-1.32743253988266,-8.14480659678446
1.61628259270077,-4.86704795490809,1.64972432647736,1.6246247367174,-1.03166512491306,-7.62225105576051
-1.98053218656595,-4.51554028812895,2.92202386538052,-6.65868570662635,3.3220589618467,-0.251364946593055
-5.59204893300265,-0.100409799332737,3.65282637075711,-0.313691349586626,4.16560478829179,-5.79241607412553
-4.87271887134827,-7.08787998691123,-3.5355213325153,-0.464350773591537,-1.43248678363195,-0.610198375257585
0.837312090401121,-2.94040174311557,-3.49473496090574,2.72827144356725,8.9842187023188,-0.918236981331766
4.38622368750042,-3.80743985556767,-5.91660056488218,-4.29647803719931,-1.16478260566334,-1.69596110464156
-2.00154754762903,-8.05561068018818,-1.55881973954292,4.17701594974911,2.90776915949533,-0.635642231974211
-4.01058695879612,-4.69978792962202,3.24801827908049,-6.03608024592861,-1.99385353731613,1.24811140863878
0.139938154441505,-2.40966375502103,-1.99166438172914,6.33034497714758,-0.810961353355931,-5.94110036146774
-1.07060744899162,-5.83553754485691,-4.06097188662737,2.11295921918327,4.2146336811488,-2.60787646540158
-0.365924907184687,7.56815730455318,-2.60562707112327,3.745334554203,0.775251434595617,3.49920903516738
3.43107922927976,-7.54241785851554,3.19062671812186,-2.25836816867773,0.875450574656668,-1.18198300214549
-5.67877984657919,-1.66647932534113,1.72355432656321,5.71484905599371,-1.34014059424429,3.38379896489008
-0.8482648276335,4.80347949976376,5.246297460411,1.58073370275793,-6.29342317883187,-0.838266301869198
-0.90327397031965,-3.67960807399702,-4.20454781602402,-4.74636102508381,0.433526818084511,6.25482634196918
-2.0961582768042,7.55069781126673,-3.73496288419297,2.90750276332021,-2.44743703489235,1.16085198955948
-8.45601400353618,0.596750465191058,-0.72667698437635,-2.17677167030587,-1.68885654754245,3.58497859595158
-4.00220313795823,-5.48572282610187,-3.21503633084129,1.04184969942748,5.65411059747566,-0.675080608253334
3.3213192527352,-5.15076608136561,-0.593172143370631,6.37338670816452,3.04521356609863,3.36113972841959
-3.3642912432691,6.97168327643193,1.92927203400673,2.48904508407944,0.194109064516844,-4.23896501499738
-5.56193430569158,1.3408956019963,-6.47169835454671,3.66913246702249,-1.89847114803104,-0.197332221456607
4.9477634790098,1.42578102637947,-6.87900417995338,0.379158436124295,-0.299645378196467,-2.68004584730498
4.9515212114235,6.15055042738802,6.98004134312137,-1.95635261215995,5.15458313260541,3.08195109721494
3.41917956204497,0.970061446134557,8.05733704789237,-0.291599698795135,0.303118799153066,-6.04315826711614
-4.62060789678672,0.906746712655178,2.14382982571362,1.07750223950207,7.85485029657143,-3.46792716876244
3.36910275165799,0.568521400144804,0.764286610427634,7.71139230261915,2.40325674465046,1.50157181335309
-2.47583998740255,4.27501159448299,-3.96669347557205,0.169086180970591,0.0717407692740804,-5.67882205577124
-2.68529320691927,1.69464704216911,9.25477409211379,-2.4421669401118,-0.761082773172868,-1.85003734262842
4.88084655268237,-3.97354693535521,5.65109595315139,-6.43632246083129,-0.920483644913833,3.5484290676763
0.90164675784066,-4.10077637017538,0.510602480917201,-7.07859738255511,-4.90029042056435,-0.542754702598647
1.91377093244618,-0.138914669945417,2.96665302281577,2.17631073937683,0.817543978559151,8.08463537693835
-0.651180917868972,-4.52448421638584,5.3179566226169,-3.14359917663132,2.16019192063388,5.62731719514507
-0.781073315660914,-6.65778040130399,2.08001850307807,-0.992021551901389,-6.05677775680389,-2.23785960244515
2.92070745214239,5.2594860125802,-3.26816865889373,5.97488792928186,3.95245546057822,3.2732049641212
1.33033047065588,-6.59683642894813,0.589201050274208,-3.19036053967182,-1.75312298789292,-5.02250799078307
4.14803661728069,0.855759686324762,-0.174860055882175,-3.26994124744494,-3.10296241685667,6.90729888972985
-3.08675236777912,-5.24135748922323,-5.88932086762161,-2.16661204287103,3.52763500276464,-0.468539963002487
-7.1126519044336,1.8961271734682,3.2576756257071,0.693394137581764,-0.0908100623748649,5.07382155534211
-2.73100437690116,-6.78536890870249,-1.06507806906818,4.31508252731833,3.2570352253259,3.65776497725033
5.06182179520758,0.198981076222237,-1.21723797960084,0.127095974230045,-7.73485392919898,-0.817971132560619
3.39627218306415,2.17574766562727,5.97086230995243,4.55475256807647,5.150357213032,-1.84585372643633
-0.876351631712195,3.84453516395055,7.76865437705755,2.9224369967895,0.695229951040597,-3.73836805008083
1.14798877435039,4.55158110742814,-0.211803400250123,-1.73040026032722,-5.19423497526671,-5.97951983139778
5.59161742055281,-3.92889806485553,0.630505487686336,-1.33287181998101,2.42320752005547,-5.88297307890939
1.39802278883643,-5.06647795525464,3.32618933774992,-4.5325040403996,4.74875421812532,-0.925201107089289
-6.65013570741871,-0.583338734045457,-0.476359618976019,-5.03132363939554,3.32601272433248,-2.06345932711413
-5.94355519234835,0.0133474942827183,6.70960145016542,1.30611242537283,1.62067168929595,2.42850377384605
-0.985666649557732,-5.64634917913766,-4.14063239009605,-4.73747123419564,-2.47484417020887,4.36002031135895
0.626175282693082,-3.32117617942911,6.8620593249349,-2.3330787947199,3.59462232352046,-2.66081828636454
-2.01236875677129,-3.47034928532316,4.71969560622657,-5.2559123354148,3.04510966752109,-3.46106145237411
4.2189978445431,-2.3619271553104,-4.95518006213189,0.163344125205769,4.31074149574944,4.36510557069581
-1.26374803534883,-0.986889985765183,0.118893782138282,9.2291986858528,1.4022396379327,0.465675133659039
-7.1677538606547,3.94974835921536,2.62077180256257,-2.90595203332074,1.49193831824369,-4.3946200503838
1.24300488225865,-0.434814843974445,10.1660700961516,-4.16445224895749,1.05687759134941,1.18830258885548
2.12528603788734,-4.70195027913705,-3.31048381114683,-6.08380762738805,4.93173701513028,-2.70437466927657
-5.51184287114595,-1.2271669789255,-2.76567864750552,-0.012634027224225,-3.63465067968233,6.02640076700923
4.36327362863392,-7.02538481601729,-0.650458332811681,2.67955149785481,3.00718097351431,0.854550600916656
-3.12986682975244,-2.33061014490181,-4.70346144227389,1.86296587701456,-6.67005465567725,-1.17240044919917
5.81468814248149,-1.00652827751495,9.84889201566875,-1.72031062018123,-0.684065284795532,3.67662685753525
-3.93375795264458,4.98402568966973,-1.61372564368578,-0.810084067987997,5.42557186668597,3.87702792453711
0.31001073394233,-3.79537832794699,0.129713727189527,-8.31951188992219,2.29467347429832,-0.587831002014145
0.195769918771399,-1.32629584655562,-5.24705126398922,-1.77073587284907,-5.89565524437135,-3.37033209948968
-3.42353344791165,-2.84836505340296,-4.87065005927239,-4.36061639295372,-4.25439097588803,-2.68253189303364
-1.12613713427001,1.11310681052055,6.07861127168443,5.91986548925887,-4.48508050130405,-0.987317171076157
-0.608748582558698,-7.77953423341273,2.36907219437194,-4.23821783129089,0.715885942266634,0.449307907481201
4.21115700137841,-2.6529344765935,-6.48436576382089,4.94788139293243,0.407958973908006,1.68082459162942
2.29404314235946,7.11860711782235,5.24485612912946,-1.68917237788102,0.0583947797561912,-4.80630051624519
-9.05846237264942,0.823272822288624,-0.0573542965269784,-1.14041962592636,-2.89970537083776,0.143453327575576
0.515742230483112,8.98907902697167,1.74661421915578,2.2769432895852,1.47848153745666,-1.21722800658564
-4.44229702741302,-6.90797489672412,0.569419479765044,2.84521830031905,-0.208598507059737,-3.95788880834535
5.69970550941832,5.01185929529365,-1.24844248367617,1.95096857280919,3.33559208775663,-2.99530053647637
-4.01938534382875,-2.58450201149072,-5.69181955435318,0.559990342744901,-2.59685148947503,-4.11076588687362
4.0197675531539,0.418524015143644,1.20861281491876,7.64447749014812,-0.248375296418135,2.93361699501549
-7.47988110094299,4.21902404416242,2.27817237292826,-0.71471154234101,-3.27076215518254,-0.700444763890228
7.95075174420109,2.06267761311529,1.42879562121392,-1.71773115169074,-1.78972794150782,2.45181185902163
3.3733610323725,3.28111860522756,-2.20330124012765,-3.89945484989214,1.16654893284544,6.11275202563309
-5.34905211123058,0.290620952784055,-3.88826291021051,6.06160356490712,0.48343817522723,2.26970109608586
-3.60522445610118,-1.99342937473496,-7.03524350178279,3.22531579444617,1.23788129070471,-2.91275575968791
-1.55955606857838,0.362184681257477,-7.01035651731576,-1.47251900027051,3.58158030363332,-1.89264031703776
-2.61566584140139,-1.90164939111487,-3.71372563872155,3.71174763137708,0.726409716553864,-7.29787761113028
-4.00915686262125,-5.73764299968453,5.27229082240147,3.67765757341081,-2.72871485557986,-0.262384158143039
-2.77864604162818,-4.78471112165033,-2.75648326479197,3.35206745240325,1.01095435951817,6.43411173944967
5.22170939592497,2.27172023269139,-4.05629469760141,4.13652099592133,-2.677760480359,-2.69658837991994
0.468086749237251,-4.01959961838344,5.058890277531,-1.33755924431662,7.31609279431467,1.69893003622937
1.30697197961771,4.31639657667421,-2.72171782974892,-6.46417858068,3.44795031823585,2.43192140561892
-4.81306986456076,-0.231567251590154,-0.376763230871274,5.18747057376216,-0.110495485014286,-6.30837972155222
-5.63975049450209,3.42852068979188,1.93312287574913,1.7778873259513,3.3771600534597,5.64946031582217
3.99517902364393,6.53315803859397,0.8819061697672,-2.4263396176622,-2.734683848749,3.69883286902178
-3.40537874628855,1.16797183533697,0.0228021221613382,3.79722781342487,-7.32356039160672,-3.6126278042377
3.67004802161846,-2.76506673075743,-0.662725612021585,2.27866211696759,7.93987327516756,2.25760084166134
-2.05724041005375,0.430444713857745,0.184842621291352,5.50921026481126,-6.70342453525562,2.79029078752655
1.89813598638234,3.50054391566649,-7.09375512430185,-3.3385856955973,-0.781342574717964,0.597313869674064
1.58470914088137,-3.08038688663726,-3.92627087611771,4.32742354363487,-0.0520252099927325,7.33495622485814
-0.944835236875956,0.0935745217672716,2.97002126274047,7.74612201320987,-2.6481796401923,-3.96800974814404
-4.79649913683178,0.350880935970342,-4.76711427081256,1.79867327864196,5.73707505604366,-2.8565313044063
-0.0747433580168195,5.19649582479772,-1.78634372069025,-1.29870775648834,0.169195274171957,7.28181426049003
-0.226151981223893,7.39212790474972,-2.47758592822477,0.200901539770115,4.60392130874768,-2.50136109781172
4.82477446114052,0.291152894969673,8.14886579260493,-5.09758622890294,1.61449699231733,-3.33923144695363
1.60386011636975,-5.70568023204715,0.338386206906618,0.0462145748483601,-1.62461505189529,7.66105019270078
-4.73206484097349,7.39208067136112,-2.37610066161885,0.736594664512804,0.885399181126156,-2.53653286615062
-1.79237282865312,2.42655544425946,-6.87097565658425,-4.06110422955913,-0.967032305261997,-3.72199994721031
-4.55404766244075,-2.08428069312056,-6.35668010226273,-1.86373958077115,-2.77950213706599,-0.110753201935027
-2.95769768884008,-1.174531168909,4.2613901120836,6.43829257097381,-3.20977957453578,3.25021069373349
-2.94443916990497,2.0267939673909,-3.25986824195319,-1.90424265954278,-5.32460651395257,6.06992925903975
4.86114471267237,-6.66306170897574,-0.486598630770098,2.58618960517826,-4.41273926119546,4.37763983056159
1.76595932855594,8.32463627786092,2.24388386186016,-2.65521290186387,4.08783491012145,-0.308161199420404
4.72080219491545,1.94587956153044,4.42564205449648,6.72615673715425,-1.92521751876785,0.785357792450261
6.89204485089869,1.07230926509034,-2.42321287569357,4.14468375561458,1.0703486186897,-1.52243983229093
-4.54303528312502,-6.42081895018175,1.15557107793632,-2.54091787503412,-4.20209113921465,0.785298684405083
-5.19836524958337,-2.70567761422359,3.28977294144483,0.647126709748691,6.77336184019627,1.57643349789069
-3.49533001917317,7.78644128353144,-0.887323386156801,-2.61112233968939,2.59621901235558,0.870588325328375
1.94198806987061,1.46796228621461,-0.490304316612194,0.145637194001897,2.8485056272061,7.81652032060104
1.90937340634666,0.502692633274688,-5.9025424562242,0.218745272663186,6.52342514662358,-0.833304042427559
-0.41646040454186,2.79860459199932,-6.21274728821573,4.21088211292524,2.0842435505944,-3.46020571318082
-4.18735476614932,-3.76252465290231,-5.65028185109655,3.66062158230169,2.36187310692344,1.35390709125529
-1.51746568138192,-1.35019030118028,-4.64817782769795,4.59043623387261,-5.07376192466364,-3.81782975889785
11.2114617063962,5.09234282610229,7.26616311202349,-0.438897983421713,4.41659748724624,-3.8161761995807
0.642325147842727,-5.8340282261272,-0.50083938975577,6.44210733781742,-0.773924174688804,4.0081559943096
-1.81334706110177,-3.90865028824461,2.900407833811,-6.58858885303662,2.58325405588612,4.15950539093358
5.8903051320787,-0.594947762062737,1.55679696955956,-1.94592302705021,-6.28727740208804,0.0841711772848471
-1.8511181596272,4.24160207306061,4.00268993331724,-2.75618420604545,-3.26582322271311,5.47025662857012
3.33761378597482,-5.30304883884566,-2.4510909375165,6.02619706841656,2.23549874041784,-1.66471247233804
6.05153411861822,-1.74416293435187,-3.73779610614429,-2.11345606960826,-4.01343008664908,0.961089394303893
-4.02100696519405,-4.9765107307724,-5.90525158431644,-0.896577139430207,-2.88180488512688,3.45178353164491
1.1378256594149,5.29012105318886,3.97315460233283,-5.97391016453133,2.95339441319084,2.42214602469962
1.40543631638157,0.191114786251468,-0.398445228087753,5.3542897452453,-4.84174151444469,-5.8014465304762
1.23378966271406,-2.69364015549831,-8.48596118365128,-2.35155148949965,-2.41084518502777,3.0111504769248
5.24203631211638,5.6897775886456,4.21863086740487,2.86780907955862,1.78082570814962,2.4399268706196
-3.0788560608851,1.52360116790733,0.997560302586175,8.36608915116095,1.62606533605476,-3.85262620901661
-4.64590376076516,0.214101099629953,3.80247273412471,6.25608487667429,-0.083739448898357,-2.18130658197198
-3.11355967792639,-5.6995375337152,-4.02335338617564,-4.5776332276183,0.0154001257571179,1.71309705631298
-1.22161671579652,-0.0715008909472274,3.49342226914282,1.53001868526419,9.43673308484141,1.82055052370396
-3.88318796236953,-1.21928559200451,-1.47561324526628,5.26481286982278,-1.54308120208963,5.4379446333341
3.81017363560707,-3.29290713418531,7.01610294131238,-3.25380816340725,-2.13999338745857,6.30120518980468
3.09971697975965,-1.39711032490032,3.39014191502463,4.57171211724397,-6.74377507218096,-1.43565284498434
-3.46137057959746,-3.99355435071385,-3.80353581762899,-0.113879523015716,0.814760568611279,-6.75890701788639
-2.99166256707635,5.19310789036992,1.20615737139109,0.434355845920594,-7.10615210354744,1.58101451438866
-3.27946790625505,3.79950109919801,-6.35875563517661,-1.0255829200544,-1.30978823708501,3.4277167045311
-5.94786405910935,-0.642422643754034,-4.79058446607402,-5.25360678807671,-0.434840543989221,0.0790479955845112
1.50299279078732,-7.9923737176981,2.57517230697457,0.343775848540435,-1.00015008779479,-4.17958718876681
6.58100101326698,2.87816907861289,-1.67648303748723,-3.55107863237751,-3.75088927052664,0.135759309023476
-2.46303789538952,4.85827299118349,-6.20260588059308,-0.0517356595189524,4.52693335354288,0.592837876203443
4.18579091172661,2.88332021104795,-0.449134595739813,5.98004701193491,-5.67796222295238,0.786725984008132
1.6069839803886,-2.06652438469231,-6.34519525989055,-0.81411995858635,-0.543848210137294,-6.75819011196273
4.23954802947509,4.05744798184168,-0.702260713252791,-3.2780044463037,-6.11435015648705,-0.92050450822879
1.72743970739721,3.14335766155307,2.31241425267977,-3.73768851208629,7.8876546474484,3.37398317725197
2.38500438995754,0.66473775420303,-1.66282471254551,-0.925242236613655,-6.20302007624712,6.75638068682599
15.3341015827908,3.03642631149698,-3.6082634204188,1.11759275946637,-1.57523931442023,-7.89011448757238
-3.08826898643972,1.45234281985181,5.93333105701286,3.69152735357856,-5.36748441450769,3.1885426099613
-1.92105122871112,-1.18573186268801,3.59605073202147,-1.81622919573688,6.16425007080004,6.19477941389758
7.13658434521114,-4.95396126035666,2.93863123281559,1.01075767890106,-2.57395872238087,0.198148812892697
1.64590162637504,1.01092375775952,-6.43076740612392,-4.64455549912476,-4.63202284023354,-0.320291262877612
0.188655209978294,7.85591913472416,-1.39565432091199,0.598393064003283,4.15954227117702,3.05772664499292
2.2871641376526,3.12718994774215,-4.88557815987743,-1.80452478156538,-6.13916862898091,1.96096769257422
-8.68649811367162,-3.08508037969368,1.99213461669132,0.0021548916770395,-0.167780920722449,0.0620293943572806
3.87943950902196,2.29117593736089,3.54170830402128,3.78184271061679,-0.413788739177419,-6.58716389890766
-1.4087892088664,-4.57766622299573,1.41869269793635,0.726529654217951,4.70219116082204,-6.80070447615065
-5.81469298560784,0.811954843923221,4.45926034465591,-1.62303420412137,-4.93028447425123,3.06902818784944
-0.958397059414828,2.33541097361144,7.50565142321199,-0.539068139631977,-4.22376679343531,-4.27276234020205
2.89308105764168,2.54730149861554,5.14741393388025,1.12720302931224,-6.87078204902786,2.43601242776347
2.92575335072352,3.36904838353962,-2.51478036897262,4.36361743570203,-0.08123408105991,-7.26366086520761
2.22083823095006,1.15326792998617,-1.40802693473106,5.96459154169066,4.56780731264811,-4.67298201317347
-5.65392318590459,0.0854568914110619,2.07891914845283,0.581537517245674,-7.02684602873986,-1.42381293986458
-1.14743944580861,-3.67879866811201,7.83239622265415,1.64442927835663,1.34992714330146,-2.1685969455707
-6.26164915784994,0.246315868833936,-0.279799301090286,0.329077404599072,0.590115092745864,-6.70580139732529
-7.98936028439451,-2.43223641442137,-2.54490121753202,2.44310265866032,-0.919363340676411,-0.15186988551573
6.39107191500471,1.05629101823825,-3.40978307333216,-4.96687933814727,3.29919642685069,5.94749157225495
-3.86354571418897,-4.44804891682311,4.47101863508849,3.44870838670396,-2.76047276578017,-3.67212559757136
3.31133496948587,1.34139502575907,1.18954677730325,3.87466144703291,5.72427809861952,4.34947250380267
-4.64856155946203,2.70469007013526,-5.87802774142661,2.83319504240533,2.43483517639473,3.58052976144528
-4.57256918582768,3.87418491727242,5.74084707374686,2.3272473818484,0.69482549226274,-2.39843517117799
-0.44118257330737,-2.30215331681344,-3.15334195665014,4.59355099033278,-5.81643544317334,4.14506873802256
0.17572732846775,-7.24060652101791,-3.69286883334674,2.21569152448546,-5.38079958176977,-1.36648094768804
1.4775318952864,4.70286529179331,1.1049281121299,-0.0856648702727299,1.13110888637399,-7.30949216420633
0.641063998083629,-2.56176170264413,-6.38195912296509,-1.26475523670137,0.86457331042526,6.41098522549757
-5.00570565003755,4.1579624038501,1.93470114598814,-6.39858411636798,-0.802078455692747,-0.78720853386084
-4.28979096278026,-1.7679667741909,-1.85411336212242,-0.493448562213194,-6.83295066268266,-4.53729576642178
-0.138307378172021,5.66851218505007,-5.19938152565626,-5.8551968161157,0.910745989089098,-1.56836974809814
3.10292181354954,1.27816911998068,-4.20344440762251,-5.36806214333005,-2.74479720482777,4.35543783373657
-4.48492743770347,-5.78128196729485,4.26241893318787,-1.32684315729416,1.55783336052792,3.55459280679887
-2.51034762864426,-5.29352551526639,-0.137454351034646,0.857567442746517,-2.34372923284055,-6.69198633852476
4.71697424196674,-6.23582124051532,-0.668899786829741,-3.55304576311757,3.72606606762585,1.70777925409159
-5.17389198449688,5.28928340080998,-0.684891667698242,0.716486982561202,4.19366322567813,-4.47049934139494
-1.7188876848827,-5.59219835356199,-2.28878384165257,6.92038677377692,1.18669700721552,-1.34609512724273
1.67406672844213,-3.66382002655619,-7.91845015946756,1.02127782780741,0.0649348832286176,-1.42285519138858
-0.283406886628765,4.03135409532128,-6.10429545554533,-0.366670341383441,3.60760414708936,3.8612116916497
-7.30895557750974,0.233135143918048,-4.0175308395242,0.858673948160045,0.86148622927464,-3.8320785671397
2.09349553066956,-0.560776795434844,3.32841157758775,2.50329845596254,-6.19124341718776,6.16219396509197
-1.38510175811864,-3.99074664805643,-1.03084426032061,-5.37127340121721,1.20633603842914,-6.3292316592191
3.46714395367343,-5.9046537459613,4.03469885159359,-0.208459475046019,-5.52722545315566,-0.674865260824045
3.72785859845045,-5.50762229767461,-3.93327688941377,3.21864505111536,-4.95661882863858,2.82409915531637
-1.48145497037676,-3.85910207198688,-1.60890914446571,-3.76791250992779,7.45169941736253,0.562257286901752
-0.415907282304252,1.68710913493195,3.7546861693846,-4.0038693819608,-7.04991706788555,-1.32641319763615
3.70989749431932,3.85119056453413,3.33791629760355,-0.529989087759568,3.65528031984293,6.46115974823788
9.47172827231713,4.89296941643627,3.8339248693791,3.76103537604765,-5.04083277403632,-0.773683170427226
2.72277925038611,-5.83676321431121,3.72893278077695,5.57245465329864,-1.82125752847962,-0.613759144268415
-3.31528683050093,-4.51553744171106,0.399330510294617,-7.03934374369506,-0.326262679887751,-2.29657133825125
-4.80162709610865,-5.21406508515555,3.66195621306614,-3.2905069483757,-3.28635921190566,-1.01299337709771
-4.82282836247954,6.23109537505124,4.53404168762715,-2.27027389434899,0.0820647800236951,2.37114669651279
0.851720532524559,4.8448659084345,-6.98108586827155,1.52198361872313,-0.648956420008009,2.80735588964808
3.12228938115623,-6.2230151650727,-2.97193353304432,-1.51551478348,-5.61917728276866,0.692497935827113
3.41016015656829,5.16604482196391,-4.24217448110758,5.33450327720836,-3.06346702508441,-0.22170342351743
7.2299485870077,3.99137422397743,-0.591739551624742,1.6969072031985,2.1440120968315,2.96363249151973
6.92085191678898,3.54557771522713,-1.17333747449994,-2.95233345084231,1.4636925119748,-0.289108144823498
-5.57691635044807,-1.22990546138305,-2.03582074576782,5.27002422404695,3.75251500657914,-3.00297427420677
-2.24746875373104,2.03147834860198,5.19331574722738,-3.11935708222484,5.20754138486506,2.81518838619754
1.38374463789169,-0.846569364816815,3.36757026963098,8.3634070449648,-4.08326163113102,0.672659423046658
-7.73972900090166,2.08560407112765,2.22650872334281,3.71602686953138,-0.391982624640549,2.16059897889166
10.7593793448567,3.42065060887455,-1.55612619755711,-11.2272242928485,-4.24306222147606,-2.25537261644502
-3.17705286220398,-5.55745714562523,6.40255396683592,1.23164642648321,2.83809786542204,1.35027170493823
0.601990141874001,-7.63768287547899,1.42475909976003,2.07141017100475,-3.98929907719744,-1.15865328972726
4.58988679979684,4.51680136308482,2.64732516984407,3.43388902449511,3.26551098029886,6.00352477346225
6.66230570863197,2.21309292883318,-3.69336889231784,3.54159984101306,-0.863568072939587,2.6629014305261
4.57952442500945,4.06077762479065,6.17687637456118,-0.696574337214973,-4.14301833077038,-1.17265021670985
-7.97267553742911,1.17000582909775,0.141894798229323,2.95656842910907,3.41587257717653,-3.35794162310735
3.33994850496591,0.996365738239276,-4.45541537097014,-2.70699067300139,-5.06116062878396,-3.94960251291864
1.37844537031726,-1.4194350777955,4.28789730224126,1.59606312692966,5.74416591925979,5.04210922145416
-4.4390979165945,4.28253722270497,-4.42273471713852,4.39517877258193,-1.65447953985746,-3.24755835109094
2.47516933531364,-4.71520730319068,-2.88614123626569,2.17710519661853,5.94122738715906,2.76105228340468
1.0877330836962,3.88394701827539,-3.18700550900198,-1.20950822459803,7.3994119672472,-2.87062043038931
0.872297843611749,-3.39742101986485,5.32595566041394,-0.0716740755136555,-0.0785359678463926,7.07726679637356
0.444426148272972,-6.52115287450958,3.65183023181974,4.49734899946968,0.587328666948871,-3.11047530062948
-6.27709055476437,-2.93874033395377,-2.40633813765582,5.22054154609126,-1.08648704212608,-1.62210891383914
0.107142585168671,-0.923621359653261,-5.90931644342612,4.078945525414,4.21550232697089,-4.41954045103967
-1.25378915473148,0.0297520434889964,-0.866953164804175,-4.75171198316202,-7.52148963519125,-2.0944532295316
-6.47985309265169,-1.53441081155518,3.68828073135774,4.40819306253936,2.07553327755595,0.270554405811087
0.472672607382098,-2.9979431018065,-7.3082350456683,4.28185837196288,0.481934354257905,4.21479061397829
1.90104892124653,-0.845677256769232,3.29105650328371,-1.17980449732466,-9.11245813493363,0.482142388952984
2.32104941136119,-0.745407359250928,-3.641754801902,1.34417491612683,0.814414780538536,-7.93081995164382
7.012557074766,-4.30082628371564,1.75930056877195,2.70653143026111,0.866371231630779,-2.76854527787315
1.89310284891661,-3.74112324201357,0.64104018359248,-2.26024808214189,1.331380732044,-7.72109574043331
-1.53970017547363,-1.74725447829595,4.58115319162539,-6.11641853687319,-3.01710497495335,-4.01670931101813
-0.583660010061775,0.689139110689962,-2.69298822377656,7.33167560482944,4.88458258111887,-0.610421504366565
2.92229358760818,3.95289925169825,4.49524138415442,-7.7458586914829,-0.58709954503305,-0.904648959585306
7.68480930726103,-1.25781934122099,8.3157398455011,0.149332272570758,0.639709579902384,-1.72753755185556
7.08156093642115,1.04944222371448,1.66537003371781,3.30752638470103,0.0286858258750853,4.66017750146767
0.69357920064679,3.8546583644654,-4.07621050141221,3.66591406160897,-6.01745397516372,3.00851742646342
-1.55410024987135,6.43771003046475,2.24313793947904,2.61970049424431,0.473220110724878,6.26000686860396
4.64565716088656,4.41923884951509,10.7239007787107,2.41138833287363,1.41180452492512,3.89574475236771
-0.48638414510157,-3.28209050093577,3.60757575893054,-0.534977408696999,-2.48947946287175,-8.30939511650971
-3.9238278722714,4.47551465964225,-3.90358435962701,-0.26121428012665,-4.08798102349488,-5.33423723763018
3.01260926680709,6.69164692576594,-5.35286472565172,1.75357780041301,1.89103962846059,1.13944194680629
1.4688375892935,0.539666005047202,-7.8453287572354,-0.00940425879143031,-2.78793671549165,1.95561255085208
-4.95233628108296,-1.21342859787248,-6.72532515082419,-3.11086952823384,3.01373341321908,-0.548837751581111
-5.4927035083015,1.23783583776,-4.87574407210239,-3.05630704708812,-4.96955473554091,2.28297888638955
-1.08483721584841,-5.4253656582382,-0.226441611523275,0.203174183093969,5.26268915378172,5.74005765013287
-0.127104700501463,8.29668404902115,-0.132523034328834,1.47193468718855,-5.78747110946405,2.55101052156073
5.02082931668274,-4.25863599473587,4.00444146750029,2.67624649414496,3.74135710803062,2.35656357299367
3.60439946257728,2.82807288608615,-1.76378883989885,1.46865473994473,-4.79205586527235,7.20480833017397
-3.79176626447599,4.04286435079133,-0.206497376009524,6.91077351415565,-4.45287898072806,3.59767032562474
7.05078410875936,1.30778517693403,-3.6280910104356,-1.90671381004322,1.2667098028646,-0.996148527229731
-1.09511230240339,3.21315924087262,2.75785804658162,-2.72244267764803,8.32189010405633,-1.02226038139161
8.52449500070405,1.53023473422568,-5.9492878479644,-7.85514289311104,3.40286315405741,2.01399324566639
-1.82026687924878,0.379391676587984,-7.84857492753931,-0.213042267600624,-2.04521095089819,-3.61576975028548
-4.30909862870412,4.66356845391375,2.43680494177365,-0.693266956807385,6.34551201559368,0.858109617412182
0.716128641570101,-4.87776176083441,0.699464221356486,-5.04364289505712,3.03112566742029,-5.08897230848224
-5.25398083689032,-6.94071615483115,1.61553252967256,1.30787844935454,-1.87313717817588,1.09030866332567
4.70190039436696,5.75942827486156,-0.536233067074571,-4.08400103072297,2.47508029836533,3.62558721194195
-3.87732144686723,0.612149622535098,7.22162123308641,-2.69901224745246,1.9465352756224,3.84805916854181
0.990301234630464,-6.29912416708203,4.34934376705858,4.00754328935671,2.49097491331999,2.21122758412136
2.78655629577358,1.11602146889609,2.67785231279651,-6.10837024148338,4.35093977228865,4.31951990127546
5.44703068195044,7.01759259710834,-0.257403572426674,3.17579989662808,-1.32712728915019,0.850063824137913
-4.54652447695946,-6.87809560141243,0.539540023830091,2.73804023225542,-0.155585216207527,-3.9610017601506
0.247683171476602,2.73533570562741,5.27641342646982,3.2464463490177,5.61735892334076,-5.12819248716303
2.83980599222901,-6.56725493723403,-3.8996699818373,-1.28574120462689,-0.709798836675472,-4.14533806749184
-5.48828046660221,3.18479227367633,6.67097285599468,-1.12331796578175,-3.87833233771378,1.32157114580162
3.06657367348424,-2.10159747069556,2.29064953083566,-5.45765618335782,7.55068274458494,3.00035951726326
-1.59990615223621,0.472841873587758,-1.30636813904911,-1.53749059441199,1.97364784353402,-8.87209583970668
-2.09504434570557,1.43335900871919,-1.85178272701993,-4.16000446173585,2.21448334476157,7.97009903290459
2.51199688175615,-3.32380490662275,0.606717571048662,-2.45845839689458,6.46191341204257,-4.48581653580465
0.614098503708428,-1.44604912499341,0.659652805414814,0.108882763182734,-9.13350050400733,-2.13225908323944
0.287122577855317,-5.3882416681788,0.29421745064434,-6.84067314470106,-1.71532424951606,-2.72225296557075
2.64278598038698,2.68430532238203,7.58696337170099,3.62644955770191,-3.45681686886709,0.117599421324789
-3.43159043733493,-2.16635688016874,1.70184736769117,2.16764532976454,-3.32321334907477,7.30402822673777
-1.34714114825303,-5.43530054588461,0.985840199391508,-2.14825534092022,1.64424707907071,7.86317538580767
14.8108648181668,-0.743128663517365,5.55331750414482,11.1554190679266,1.58898637002317,4.597894189572
-1.70023663049825,0.371857924387755,4.18172632360948,2.73699658304916,-7.39965743697633,-0.295943013028275
-3.40494643963487,0.676089665733294,-6.3636218265405,1.17237212085074,1.80307428308001,-5.25430734931492
-5.90340687104797,-3.55924123441942,5.42942162299912,-3.46510044843763,1.44326346735575,-0.989964357435566
-6.17091497915049,1.9257722173332,3.5850320762003,-3.15863774681259,4.27854484616124,3.66557687327652
-5.8637685826505,4.35996609723705,-1.65629388413868,-4.72686379290847,1.41237886084511,-1.03945526602022
-0.0698367408437716,-5.10185458618027,1.87653197140912,3.43411785113918,6.61104711732282,-3.04503520833246
-5.65597642673728,4.57008912705588,3.77644474596123,2.43871195535689,3.67191923287725,-2.1417398509204
2.78775370208122,0.828963046118244,-2.25739433876787,-2.49706409716881,-6.77306596357661,3.59869500826171
-0.499353758565721,-8.98407467491121,-2.91100812666893,-2.0831888289245,0.769794111883163,-1.99497739805143
2.41388963828286,-6.67333856811574,4.25851026397892,1.07994634697137,-2.19294265103601,3.00617696627455
1.42413626175106,-2.80955762862924,3.72841261354206,5.67747751488825,-5.89985347653268,3.46649177821559
-5.59791944901004,-1.49265813791326,3.33730117955549,-3.80246771130653,1.08158674779553,4.82454520950605
-0.306269236839878,0.763926292723731,-0.997924793838395,6.78042889745492,1.83050019530207,6.19415327487628
-0.531056208433298,-5.10021643309438,1.76148737247386,6.93439263753655,-3.08487364667291,-2.14602924938206
5.76917497949439,2.21662715084858,0.619723667751864,-3.29612974584997,1.91558986267199,5.47752426449549
1.18068477568555,-0.183525231228425,-0.802531994554774,3.82824056379902,-3.34441912767162,6.90492897037254
-6.3201755602062,2.49013012530801,-5.62174249163827,-2.05358569433509,0.877604941078253,-2.51044264131104
-0.572804684849981,1.21161120049006,-1.68458802370575,-0.416484452713089,9.22251253632114,0.13916508971011
-0.913466928035843,1.70977396798469,-6.02139651265342,-5.66313096363971,3.89683425586362,-0.635032685849691
5.74227564704208,6.27079668157044,-1.97714113354041,-3.0994737566907,-1.90309536912293,-2.77335636757526
-1.39932688140317,4.73536830978062,-2.81509630160343,-4.13291598200065,3.3062685738036,4.98637139750635
-2.31422547306701,1.03005623107801,1.71264845678794,2.47973133404375,4.95898531930383,7.46996739555127
-3.30114979457863,1.60153187528856,-5.33277442961876,-6.08642847384208,-0.412636915894126,2.51862334638939
-0.840997006632963,8.0702980670226,2.33532087429342,-3.39414814030919,2.30819901212269,-3.06148481200191
4.02695824741211,-0.746073831973296,-3.40939425375319,-3.61837454249751,-0.537321905055473,-5.90803022137523
-5.01784578076527,-5.07152141267469,1.42539874642854,-5.5969794144162,1.67026822045042,0.0859146570775104
-1.78839595930575,-5.44954145143835,-0.65316159181221,-4.45551569582341,-6.1656158517508,-0.256838680319525
4.06749035085206,-4.18121139565308,3.79709485270879,0.887345607069566,4.17414692389164,-3.30992803236204
-2.83018169965335,3.18368247396007,-8.87103844633762,1.72228815190117,0.451427155667321,-1.40993175477586
-0.210494975749413,3.44242041182508,-5.9847681170404,-2.38312803467714,-3.16178368241382,5.29178401618536
1.49971343218668,-6.80164918921376,5.05435093603291,3.49572302123252,-3.30397365266486,1.24971029449358
0.92753031657057,-5.10142199491286,0.190150363158167,4.26423979275051,3.43253774214319,5.93705463526311
1.63365015659248,6.91497145823839,-1.7068690987344,4.9450241149025,-2.28353782915615,1.76162947384303
-7.05630326971385,2.99056682371369,-1.59706535256984,0.989261487772285,-2.32951873021072,5.15455049300549
-4.25985285914646,0.69680270627813,-2.28620479060989,-4.35743226211315,6.39855166862365,-0.590599068243478
-1.62681935527287,1.08575468122892,-3.44632472682026,4.66423054177697,6.51660307179697,1.56444024195447
-2.9157275955402,-5.95162592801423,-5.46300025892679,1.13006767437788,-3.15824856799061,-0.614845468293357
-5.09543591814955,5.13689608663978,-2.37485426064383,-0.315752058790984,-5.02219331231118,-0.736882601596562
3.67233080118876,-2.94364120584643,-0.234330599049347,-7.93150686518827,-0.135453110854991,-2.2795577173122
-5.2294827571769,4.14506964492985,6.19216806960042,-2.78214346084567,1.17925626143719,-2.03729213392984
6.23986198530496,3.20305830122323,2.93322023529406,-1.24496566996104,-1.7638593880475,-4.99277782140683
6.0457218648074,-3.7624085663535,3.60341591133425,-0.97153742099425,-1.2520740880509,-4.49802670998688
-7.22507111951298,2.2115312625712,-0.733637216908772,2.2390003202206,-4.3123597142711,-0.395116372170467
-0.393510954967401,-0.00391946706806188,-4.42669746241668,-7.79486004208854,-2.89192657315248,-0.927257431015353
-1.48833205745432,2.88445793537378,-0.826910674868942,-0.930989025999068,-8.33056060486145,-3.05602902062594
1.63411674975294,-2.19184855252278,-7.17789217875956,1.78279376703965,4.91552651431684,2.07359787807639
-6.06386095672104,1.42436995518319,-2.75230136605611,-0.278226873410007,1.84050390839069,6.83920680088346
2.43680461214355,-2.09925779219808,-2.19509450112149,-5.89353317992955,4.70100355299162,5.05174801837176
2.00429080682822,3.76206205793589,-3.75682536335907,2.75941808146653,6.260009295831,-3.53475876752858
-2.03741684700633,-4.66757922449038,6.59553092727005,-1.62660130585341,-2.79662104041689,4.27874900457905
-1.69557582681713,0.334997844012598,-3.158168574548,-8.14472697931916,1.76029821392996,-1.38330340991977
-4.71015516616053,3.67620764531754,2.91795691154098,-4.59135411183591,-4.03594049084025,-2.12626138534997
-0.128447323821527,3.10172602438744,-3.08708905073601,-7.48710719530747,-2.57094611583357,0.710404848508574
1.38501625584356,-0.423756375382755,2.87330118799074,2.77735923381792,7.83911727066615,-2.44359716536942
-1.67771030843391,-3.92530660536685,-2.19000919134874,0.626191399213783,7.42254439502203,3.29229308881645
3.91875861524258,6.44250181092514,0.198884595084128,4.35811075299114,2.20160969280308,-3.82721999136909
-7.98504266005243,-2.93307979629102,-2.99800973673677,-1.04211639686892,-1.62130466683585,-2.08577466767453
-4.03786360180809,7.423797533141,2.49585202690405,-1.99777145319659,-0.000321977725112729,-1.57377944983757
2.975860932039,3.32257291408252,-3.17612537870239,-1.7313677781065,-2.66830241600782,-6.0249184283455
4.07915533996687,5.58851305029739,2.67285728520938,5.73452816732324,0.592117506824958,-1.06115746823905
0.261072199868462,-4.27599464055295,-4.98331360883312,3.69949128967056,5.50954413987059,-0.246419503954511
-0.792048051506698,2.17924235177321,-8.18976988077562,-4.45768255054101,0.563042226542793,0.331285536927007
7.88989494269454,1.40030024614256,0.906632700343968,2.78700041081492,-2.41939765995536,0.730285979279125
3.27237039226272,-0.92568783992237,1.64735764224012,3.00615627041974,5.71108617298839,-6.81201143951519
4.35100456497541,3.84065659673512,-2.28640320623922,-3.44145002172283,5.04085511385709,-1.15233662238896
-1.8475370842312,1.58306845280815,-0.474377304671123,4.63788549337628,-0.532023849079512,-7.71620663336802
1.72875418602389,-3.74305034951601,-5.35272610052589,-3.60805955056879,4.80094703522601,2.44848275468848
-2.2308686866098,5.07380004903004,-1.94758011136969,-4.85077252256872,4.80420100925359,-2.01225717339703
-2.09865764369462,-5.55036455083389,-2.97311033897541,-1.79682778741337,-1.82862218947088,6.60406851060387
2.44256020975012,-1.67001525465594,5.20582738729159,6.11312694655882,-1.73274489020302,3.12489885428914
3.91269248921781,4.03629447110167,2.9226208004574,-3.58120277128297,-3.000702268096,-3.97949281404516
5.64350752521911,-5.31224630455735,4.90198042302169,-1.56621394609678,-1.03082461704597,3.08381754808874
-4.58872625003074,0.973388810868211,2.4373355165011,6.77639448358197,-3.57131163958367,-1.82372549288525
-1.46843624179376,-4.16429851745649,4.2632490501495,-0.773913127126914,2.53723327483262,-6.8240560365661
13.6409926056251,1.62493333297814,-3.01012348202529,4.54859985658108,8.39746029517904,0.0572022726522704
3.71662562003385,1.1828228777684,-4.98223728822703,1.11235812404065,1.90561567915659,-5.70055211612938
-1.19931283335625,-2.08271021727605,1.18625820404668,7.37410925463977,4.62577212776571,-2.1979494385348
-0.264129635182992,-1.30950733435377,4.4818795107085,7.06439744072144,4.65088982929058,2.49773636407467
-0.470945129601637,6.77876333751634,-1.04452980891803,-4.03773593879061,-4.50406193513321,-1.36765277264491
-4.36193107206185,4.29789554087227,4.01056735889747,0.149381052574167,-5.14406873718959,-3.20228862456703
-0.713684784156711,0.105164314588643,-5.97215987067362,-5.2316909939036,1.17694611037869,-3.23462704730462
-2.55958106139468,-4.8645212057423,4.59300073113683,5.96960506882734,1.33643447676159,-2.41610634845754
-0.371706060649967,8.60345881300754,-0.313542020628498,-1.78174173583017,-0.902256049795688,4.67866170981409
-0.691541620421542,7.4216337488272,0.398664807699171,2.56314699403987,-1.37316976346425,-5.19119401747917
-5.96136777449071,0.422841323317462,-3.47110834725997,0.470550610951096,6.31202027639732,0.275551079766768
-6.85653931543908,-2.94963687366732,2.1069107166232,1.54797387251977,-3.99177601395823,4.01061834656966
6.27048076116379,0.347127048698005,0.399102613719541,3.34232040535194,4.95758204571887,-0.201565335755766
4.58778475312906,3.16146254953498,1.93698310004126,-5.32722040391902,1.28550355607011,-5.56428141694907
4.30084326483616,-3.8575702331059,3.97076338817991,5.66097037906626,1.48395410252503,-1.36858162030331
3.81321576227474,4.69876849171241,-0.61883954313055,0.35776979646113,4.4533757193124,-5.15497430361844
-5.89654536557237,-2.4517570963052,0.528475164159214,0.964771718870263,2.50055982361767,6.17294131238676
3.38025332766247,5.72913247257648,5.58414615850689,3.02329684855378,-1.6505065589329,-1.08492545149702
1.14310700874769,2.74185226558147,4.08020210468564,0.688581207380596,-4.94344834734827,6.71464844349185
-3.33785401814778,-3.93281331317273,-5.03753474401753,-4.55517831729413,3.21811232262084,4.09154001969535
2.81768044187126,-7.25709293980602,-2.31679707729326,4.71467570830597,-2.9859629421811,-0.721733024213524
0.00966126964920408,2.43528284222868,5.79267351748996,0.733433376598732,6.202613742112,4.66405016259736
-1.93669730025448,0.49989474553435,1.51892605053052,-5.0150219741919,4.56443820982713,-5.09007838725087
3.03361887653356,3.9306856850476,-3.4029446364154,3.75784619269988,3.15496680129036,6.2893596778514
7.369519878672,-3.24547345338209,-4.72966173183003,-1.70860636478281,0.215827075068708,2.09980733362698
0.71119473723987,4.36312556849997,5.10633048955045,-2.87535161662836,1.56950819363018,5.88465384434894
-4.31121136700972,3.90963770749662,-0.126913434354211,4.18905476951555,6.58693839878037,0.55771654341795
1.76849488458269,0.562368536688395,8.3671099312482,0.256661444431191,-4.67038664343359,1.66191520185141
3.09172382253503,-6.66735724877147,-3.77400883870572,-1.16655563901737,4.10172114586358,-1.91629763986061
-4.26232200745743,-6.71835268556459,-1.0986643861647,-1.19017992043938,1.91925832570586,4.07372417059469
-2.76367926066236,1.58907361186771,-4.07851926937055,-2.16609469250648,7.82545789250136,1.88384007751839
-0.289213791649202,-3.78930148469388,-4.00123539807033,6.54911691672034,3.97486074214478,1.56795973217921
10.2706276346722,-2.59632398226753,-0.388188128633377,11.5410050141917,3.54868326131754,-6.90617251214971
0.0622771592885603,2.06781020010175,-3.5315589620674,3.4146823552738,-5.89387014285967,-4.86718595798277
2.04684129107372,-4.70344189176056,8.26430613216803,2.50018524228722,1.37221274800495,2.14785563533102
2.71142124828543,4.38982936679524,2.85762147854299,-0.3191934253812,-7.79881200361012,-2.09934076306812
-1.8747567655076,3.66945187296371,3.92887127308573,6.22208154232047,4.75327660943655,-1.14156829988514
-1.80030438414888,4.31712428407318,-2.17516202808984,2.24075559398172,-5.02016361462453,5.0662811487085
-5.64167804084683,3.0112524855612,-2.47181332699915,-6.13385187269047,-0.542477009234405,2.02139412858527
1.31471787742257,-2.72239301344952,-6.22934912024536,-6.1997865132433,2.28567143675268,-0.576643092574113
7.84829524023583,-2.94474138183734,8.00251984974024,1.87596502401474,-2.52182197237129,1.34396029237739
2.27188608633099,-5.92209019723792,2.32137977854146,-2.43537806548552,-6.11641455271907,2.47098814537064
-1.49922694646357,-6.50578504246023,-6.01015654628193,1.848404203665,-0.753508915409241,-3.07781516514483
-1.12799272135114,-0.0960257635797339,-2.53134535847322,-5.65205628457614,-6.42151614662208,2.05241928249891
4.84011155382565,3.00444477435434,2.65458692825292,0.607562555024366,7.0582442384661,1.72892638057873
-2.1442117832276,-7.19077186043359,-0.745042688851688,2.34166366941692,-1.0390041418171,5.41674314829414
4.57915793762332,6.82270886101078,1.8007315293756,1.35050241746387,-3.10979018829103,-2.56141941422126
3.49763106101602,3.89280868626295,-3.93288960197611,-6.18569175634373,-0.0248387042538687,1.30238273524018
1.92852976157715,-3.86286061275943,-2.02323263329433,-2.42144079884589,7.14860132510429,3.17864823402119
-0.629887275764169,-2.92402705828031,-4.57069502198928,3.16272068674732,4.03581384569968,5.37647944414083
1.62823126646298,-1.31050856161324,3.03784064750512,-8.12522344044133,-3.38345548680087,-0.0449705936980227
12.0206920377289,0.731099754513683,-4.74695861801999,-6.46477151737822,5.49648859941039,-8.52853763592418
2.76471924673756,0.750484553659429,3.36903829578677,-3.12226667745398,-0.264291630727831,6.57531004229138
4.71334736293577,-6.99944324005055,-1.81077107239041,2.46533546833559,-0.916457126173431,4.33917738222746
3.32929430379001,-4.86921580362684,1.46864115419696,-4.35832151859929,-5.22144785682048,-2.3528506845656
-7.31726870500593,-0.727689241476674,4.6000671979934,-0.587955692412739,-1.84820523995056,-3.11939132418398
-0.926585743061784,1.60423341317705,6.07193974827993,6.92811714334718,1.32715917558634,-2.28567134709952
0.957463223312636,-4.9037284720231,-6.97441252032719,-2.21255566414048,-4.48330991167915,0.669161393521953
-5.91074397065068,-2.37566033747333,1.75051022019183,4.94641821408288,4.20089764820652,-0.892809436413971
-2.39090627877945,-7.80922492718739,-3.10274080233226,0.615257497067594,-1.48301409270568,2.64145593609372
-3.17673287351479,-1.82079944333225,6.94114174670213,-4.03085507863622,-4.80739327968718,-0.833716245365946
-2.57849085942252,-7.08425059617575,-0.778081792528301,-2.60377693417829,4.51829240394366,3.24309962430791
0.0995952258409546,-5.21929226131204,-4.42948640774841,3.96280402615709,-1.1816187386717,4.83204780281377
0.843767110783802,-2.42515690162804,5.5736696043618,3.31302636433505,0.184938322013546,-6.9347726567896
15.4371288087376,-5.10669378088678,1.46831141881032,5.81769490181836,-5.99464932219246,-4.7103422722574
-8.23002613947931,-0.888265465003901,-0.217955861475072,-0.286474426280247,4.19214527445651,1.27892362858015
-1.62708957945285,5.9451516717778,-1.13558175863613,0.235312201437802,2.04831221558444,-6.33986310199686
-4.40125084294516,-2.54799627748952,3.25475514675248,2.49213478878551,-6.99384541894934,0.203846621276718
6.76168178824881,-5.80969694474584,-3.46618457887056,2.38021816150652,1.10763046163489,-0.948300484752815
4.95707559842192,1.3756646927741,-0.0679949727071899,-1.33036892204346,2.01103232316661,-7.45878685889651
0.00247972621824301,-5.64149181879949,-5.71276808715847,-2.42450825512083,1.79282278581699,-4.17442566443353
-1.08221539283426,4.69329000939619,0.763017553709235,5.39159595833628,-3.45543641956124,-4.76686667317548
-4.21046370299707,4.25882554145169,-3.05209396009647,4.51460014717092,-1.60318699840756,3.58733950603157
-7.4248255642165,-2.54993281909159,-0.445003880164114,3.08336704746578,-2.26106959193329,4.10128962760885
7.77617340665567,-3.26766795038795,3.43220282070222,-4.57536299065133,1.08882259859622,-0.643826851005396
-4.15078830480535,0.794765004686856,6.13346368158825,3.10929210463957,-0.671561590724418,6.05696182700969
1.85148826068824,3.29193787074146,-8.04085619791037,1.01179612631632,2.62563022328736,-1.42909711953413
2.79813279534381,-3.69906237484413,3.72679910562602,5.55014769575854,-0.2340521743271,-5.83427539281166
-2.00987168881784,-2.5092039921396,-6.41306218459141,-0.0227499354065325,5.25904290593713,2.73953294305137
-5.34230286650761,-0.766778484706125,3.5188870002703,3.85518250429275,4.62801489225888,4.40115901624096
-4.94765602102312,-4.93155979940617,3.1183506151515,-0.311872280064014,-1.3838039247273,-5.6841968120271
0.54976674243931,1.12660626374341,-3.60059496553296,7.7940148868811,0.268425745439953,-3.60058366290032
-2.78100429724367,-2.30245904385752,0.259852721584923,2.29369080023838,-8.61588160693859,2.32944302265397
-3.64142917136719,-0.0760275895337344,-1.33493120703474,3.44934178978539,3.02712423749966,6.45506369617784
1.84370158959404,2.50645781543185,0.859267032382901,3.19226363603793,2.23140813088295,-8.3082870954034
13.0863347532241,0.626917365963836,-6.48579327511218,0.517525853405898,-5.59721537143692,1.7463678092591
6.75094723009653,1.19046852878762,-1.43843367502822,-2.71241081929481,-2.81261944296722,-4.57159713940766
-8.3699260755015,4.5725992350109,1.00499481906601,-0.0948952622241597,-0.258683366956486,-0.968101328251062
-4.87180124047472,-6.40662760594864,-2.9515360736541,-0.882151766443941,2.83632818329406,-0.275862380024063
2.67344523348367,0.999542129168333,-2.69097721663396,8.23324826295821,-0.48565865109987,-0.425882045388035
-6.00374594984892,5.09197309442423,-3.94613725221648,-2.1137859154311,0.420056427438323,3.08539945648264
5.11880694041289,0.697123981577465,3.17145655557674,-3.4193351146794,-6.26632427104171,3.31625703887975
3.05962810824216,1.79839763448739,6.49909184139463,-4.0348859871978,-4.52416754165335,-0.91162962940071
-8.34455042972525,3.73244106181255,-2.07889862947232,0.750679157517283,2.03320217445945,0.778151618887691
3.166324694598,-5.82670649890005,-5.06209887161349,2.79568804338362,0.00522924641353855,-4.15283599112395
0.447689721246571,0.868932131515259,0.0837911382697434,-6.6878151494766,-2.08586578822625,6.29973978616273
5.56666031328265,-0.366881168290216,2.31059177196171,-5.67264051565622,4.67608048010494,0.104314999582416
1.48845143473039,8.19425139007657,-3.58019554862434,-1.32410209859295,0.030212761321409,1.07351778923452
-4.23431965198835,4.74473598665883,4.20430552148002,4.32250741766092,-2.56364197212462,2.21416260741923
1.91968204751471,-5.22371684531288,2.58934575874827,-0.390690431459135,7.46101305770344,-0.741117769818157
3.56004463339225,2.02151585389769,-0.429214198564679,6.283395708529,-2.49755805430644,5.96884625522497
1.41428777420363,3.78159316723317,6.23182990413365,3.56018050371319,4.95611477741346,1.47308810511847
-2.96685518673644,0.321360653399002,-5.59231577544354,4.59938002798888,-3.90969661251408,1.20882199810655
5.30501639136069,-2.56523398018146,2.38873896674478,2.8622848629243,-5.19763585858524,2.51486102018338
0.535905248928922,0.891632248238377,-1.2836779756736,-5.31549959083908,6.33751344794839,3.33490021418483
-5.81665908786296,-0.0792765356679306,-2.61885710126425,-1.92256896471967,2.94855716870903,-5.67276474444579
-0.0771147968786886,-1.50785292142676,3.11306620262255,6.54230079578999,-1.39208114690736,4.89175866460389
-2.02664051833686,3.41810819559346,1.51356927584484,-7.09251214110286,-4.69678956250231,-0.125367972336698
-4.00859768632847,-6.26211428554277,0.673104838057059,1.16182527349271,-4.20542754340765,-3.14465496375327
1.63477922763068,1.60566064173163,6.22283679410171,1.78674149766961,-2.1434054781886,6.34238470574321
0.264908994319184,-7.39889357236573,3.08497041206488,2.42442749402702,3.51366931156737,-1.71592218944161
-2.76168209402399,5.06186145110873,-1.67956407898178,-3.84202842177795,-0.79768137332582,-6.35991721674541
-3.51930655497458,4.58134336706502,-3.97984381325047,-1.96648281306574,6.012981837545,-2.7871749225981
0.256184484829881,2.08373906693723,-4.04812157699661,7.35848657960355,-2.55662370095907,3.28139307762909
5.68987965856875,-1.68355492294106,2.75937592718232,-2.55243357537724,6.23153612283835,-1.66670502034788
3.88241023818766,-4.87086243221167,-2.82532946121212,3.25080689915867,4.71218430765162,-2.78354979080976
5.15924845107962,-0.937588531312567,0.263533267643024,6.90386117608319,-1.40718105341033,-1.14946768586228
4.70731910447107,0.182578946092362,-3.5546699203133,-1.62681628309919,4.74208143160749,-4.53707292882301
4.97234165893726,1.40201453165382,4.97780781380788,1.90512286177344,-4.88788787511712,-4.55014437366951
-5.9831520432972,1.27904533981946,0.87554991157216,-5.17519030270153,-0.282755723459792,-4.15634675603205
-2.65082894814033,3.06736906598596,1.99066493018393,1.03684590428143,4.36455070307505,-7.28929529117147
1.41150239309615,-3.53349112825991,-1.23023698496235,-2.91586136227579,4.85556105516927,7.03102300298944
-4.36314131645033,-1.49644995011056,1.88208378329192,-2.65628012288018,7.1230564987054,2.31594216631731
0.74607452655402,5.4588645773109,3.85391179177374,5.00131215187208,-0.509594073047265,-4.30370091167326
2.02448770174222,1.89739305069679,2.41547778597435,7.78199636682313,1.25447396231536,-3.87987521493014
7.69908447736986,-1.42440659315989,-10.0151329445783,4.75178451509016,-6.86828311132743,1.42773570925702
-0.239390775837138,3.53632916354388,-0.829160711120503,-7.78585719753115,-3.05964134096564,-2.9550194396576
-3.80492181230648,-1.6003773237671,0.863957661016812,-3.3526865740333,-6.74200747549199,3.71704087287102
-4.41676683460933,-4.25313201342948,6.74093069495068,0.0777989812206633,-3.0454789484558,0.525389080063123
3.26230598110802,-4.65822212298797,3.97117754317771,-5.08035024268388,-3.88286280482571,0.995492149424173
-2.99976288163438,-6.48623452253527,-5.53897891324857,-4.37365718728778,0.393063205491502,-1.56231265148501
6.78834094353954,-4.00819036560881,-3.11847108674774,-3.41644654046873,-0.417815688727795,-2.45684456086481
4.70902596144588,0.104179500657798,-1.30404486400471,-6.31961019111368,-2.793598297511,1.72541446590741
-1.54524885257223,7.1530497815308,-3.89737080961118,0.657431299358309,-3.08085950992765,-3.70824151293578
-1.31820274601389,3.61605983570957,-6.44037434001347,5.24305292830332,2.49479450402989,-0.0867572333870568
-2.38301899162648,1.18461569876219,-2.21909134215085,1.25588445510552,-1.13456149728927,-9.01471509816671
1.06629209252004,0.432132622460215,1.43687555323683,1.5240945801202,-7.37987968379405,-5.5032970226023
-6.82016977051958,-0.698294232437709,-2.63718788909476,0.631350214159151,-5.69970275556829,1.13590998970729
-3.03669368152784,1.35180781319531,1.11392063995971,-6.55174858010517,-3.51558507952863,-4.38672563526374
-2.71588749731746,-3.20671981731916,0.538191932374521,4.01906215022597,-6.88863240617177,-2.59397264596532
0.00342929657750586,4.03150013576792,1.14719539835312,2.05393277872042,5.88460723360037,5.43657017123811
3.37076475925724,-5.45010193026263,4.79018058204358,-2.23292149907209,3.05967682569271,2.54903691132313
6.30024206703605,-0.474431223412715,5.91192176660636,-4.6990652084546,4.27221479921642,2.55045377205447
1.8268195262691,1.65921344026504,-5.51320812263356,-2.68892679392761,4.2762291387683,-5.37530058363274
3.17093507985717,-2.32439140655546,2.69303634983686,-5.06000439928692,-1.02291215646926,-6.03332685510655
-7.04400659840442,-2.14001062400051,0.878916511436844,-2.3763875537455,-3.64202159552148,-3.66866857119366
0.967980970104748,6.31901318658811,7.45766635180445,-4.11575421396517,-1.62025199291237,-0.749781979275197
-3.29389891547183,3.79224481979465,1.3746441892294,2.83665996310118,-3.75376274345261,6.44592558377505
0.38103249693999,-4.00139626720399,7.31557141301694,0.578433054540655,-4.22513683602366,0.610430514819562
-4.12828490652881,-0.455808438953825,2.70696962184613,3.50569999020225,2.15802973988609,-6.75000077974854
1.83211821704733,4.14253428179932,-6.15903721536934,-2.18533517035596,4.39116912091874,0.219493942955681
-4.77554070511231,-5.89181278019357,1.77158713364499,-1.86709163682795,5.55379676357075,-1.24504076563808
5.29576442487234,0.444696229141647,-0.55740532233871,4.47562103878735,2.54792768628605,4.7527355472828
-1.18345932450172,8.2422146539772,1.23716436422478,-0.772775177191105,-3.21426745533923,0.482442462353908
-1.88665374802909,-5.96243723458493,1.36441879156063,-4.45331667367023,-2.59729030073669,4.22518549229992
1.75193314727246,4.95448048977833,2.15755863232015,4.38908045324844,-6.41569880551648,-2.79777990489802
-5.86022043568798,2.27342225053299,-0.952879354960927,-2.01525437133352,-3.02451152317027,-5.66919079679219
4.06841926193401,-2.95002238818889,-4.75916855455713,0.194984363806855,-2.60216349178492,5.95841418421125
-2.65801509453946,3.28116428574533,-2.22770134398397,5.2545146966435,3.17530298927193,5.7005293063447
-0.360241291033665,4.40858410294968,1.55557802189559,3.63427073917662,8.53978953604525,-1.98471159447425
-5.10551450003979,0.735511085008415,-2.65920990802186,-6.94265399759577,-0.765041805652862,-1.89599218680732
-0.534119965747485,2.69758162304433,-5.52525936492866,5.03309684557387,-0.567626941180115,5.06103710470578
-3.62354877500016,-1.85789770267727,0.933570640900317,7.85335284906963,2.48944093760576,2.7428938660689
-3.85746606345624,0.299806141590682,-1.29342536192366,2.32269892624563,6.00267961864581,-6.08837937169234
-3.62190317589651,3.19248705587478,3.36399343761432,-4.15167677058412,2.02795134320273,-6.05742261822977
0.901789399041226,2.35620050928784,2.49262202773153,5.44834831411228,-7.4328474188103,0.763836576230158
6.84390895699769,5.37300656025032,-2.42299554462337,-1.15633003924563,-1.2658033965549,3.57743443574025
4.48579522908635,-2.47817198327581,3.38570324089906,-7.66802205667575,0.0420725767350357,1.02400293611524
4.52539659345708,-0.928838805818211,-3.48739729858935,5.01556086747426,0.0292372775418877,-4.70722828611115
4.33947141211859,0.45056428822914,-4.06013010310486,-4.12858789622663,6.18821978662641,-1.21728915804212
4.46908551984504,-2.92211043943603,1.65747820105311,-5.71398822555113,-2.62438540485088,-3.73060981886255
2.25403127518254,1.99395660954845,0.0126248100327396,-4.52299146255593,-7.0795548042664,-6.27189110002404
3.33526240314205,-2.34538862668585,7.84698336809302,3.94838785396599,0.823319747143948,-1.94053914208011
4.25409317136219,-0.251864128336872,8.66328857354919,0.291891227295991,3.8725795706889,-0.58194870381336
-3.50647554795322,-0.991779760032094,3.82723327100171,1.57672618012838,-7.12269896975811,3.97167304283589
-4.21516814651773,4.96376769203016,-3.39952505670034,-3.79857937941983,-2.83603827564144,-2.34309259589322
-7.82035651011093,1.09038031606729,4.27780700362059,1.82823720390088,-0.746569207439923,-2.10122372669353
-3.97757029698859,2.94940992715937,-1.22103355528299,-2.43060813829073,-7.37528638444187,-0.319122337620346
0.847341513664095,4.32613687553752,0.962756023697598,4.34299892702549,-2.52083375388444,6.77021613614024
-3.43868144052859,-1.91411057969861,-4.32876376987525,-1.48738747885935,4.99216161791526,-5.21266252576376
-1.70041295052972,0.0605856013667188,0.922498015264937,-9.09057524684483,-1.16703057272401,1.64314460280976
3.8879778861438,-5.39306927252303,-3.41853129693761,-2.92108377682595,-2.71310565870528,3.62916197082924
-0.920559295644635,3.5872284757585,6.26753366022399,-2.9200090513294,-6.20585938843168,2.39284070321173
0.39090810045821,0.983956740157772,1.03523127309984,-0.211166690919994,-2.83880792898052,8.88016827889099
4.55921486920279,7.72127793962552,1.00125990249346,0.120366840222127,1.60393032936399,0.451819863933903
-0.836287236060866,4.64523147732143,6.11312806851253,-0.688138133599052,5.16140936300584,-1.34606047100105
0.167134905100529,1.47339990989284,2.46000352967331,-7.24764867356626,4.68439261642452,-1.67369106979789
-1.08315315854057,0.00910964241385468,1.10526565351559,1.17270623654369,-7.78043700407349,4.12936087941122
4.46004574202174,4.25931678495299,0.271352121063179,-7.0858594760735,1.08623201602049,0.803841520911137
-3.19691215649881,-5.567104317382,-1.1066291673001,-4.17719116445864,-3.77269183376209,-3.40969276588252
-3.23440093421951,1.19016080433941,-5.97988691364454,-3.36384233019777,1.89294551794601,4.79672442709957
-3.69993124446486,4.75744055899707,-3.71678279819578,3.93724322209082,5.09709227899805,1.35571557612766
4.99367786212765,-4.66089035849406,0.469810950903994,1.17121616518187,-0.971298330177955,-6.21573967109715
-2.19007847610567,6.01475184859086,-2.79283551533465,-5.40820493876152,-2.27810456413859,3.82933677579368
0.89758349579344,0.713409179019506,5.81233549396916,3.30868727791363,-5.22731161658244,-4.38047580863611
3.88790161400119,2.85002613290612,-4.74310666962003,5.72379102767712,0.583172827643249,2.06585177702041
-3.11297427615554,3.52995366286717,-1.93954106555777,2.81306331115697,7.07166207013192,-3.80801849778616
-1.10309485643563,7.19543233103073,5.74315032965712,2.53345460110646,0.244236741932777,-0.230117219596532
4.02453890355608,2.96113250204816,-6.85251747322071,0.36433843983517,0.95871166512497,4.13322958537597
-3.29871414522329,-4.51384180022573,4.13193727182806,1.81198391634509,3.73077876292923,-4.08872526766501
-3.63701901177668,5.46514345687819,-1.41851159820644,5.13364491049117,-4.78292815489832,-0.925564293131401
-1.94588278262845,1.4085155534198,-4.10399737871463,-4.44891568342823,2.42624164785677,-6.08885051876476
-4.37220588690648,-0.894783666289233,-0.474076227931431,-1.78796482256851,-2.57033623788916,7.55779230700973
-2.63239465485078,2.92250314204467,5.78647926585757,-2.64658283209726,-2.06969619877777,-6.09195498180535
-0.884427437056353,-4.47734929705686,6.67735805133571,-2.89221014641129,2.58418865361574,2.39487256799285
-2.62545538668214,0.287150322681981,-8.45590624243258,1.09517415156315,-0.251785599586274,2.10712622875627
4.09880151451924,3.29473129589302,-1.04427335450844,0.578141952465278,6.07514916338651,4.60341014850469
0.817134610575558,-1.80784747140739,-1.58092023611132,-4.23629465377616,-4.50842267851476,5.86851420753008
-3.93068454465804,-7.13516008709684,-2.05448079282789,4.19966367937357,-3.22615331266534,0.98261858543879
-1.66814797915624,-4.75073711346645,-4.64483429069135,-0.0177843891291816,2.907191729291,5.61321511876064
0.0191636066101369,-6.87453632413071,-4.59513125856645,-1.26971923102365,-3.05504563126435,-3.18589973347653
-0.281391277055476,7.087611367943,2.29219674257344,2.54795019763806,5.1152040229205,1.19266116800586
0.270951168021392,-5.54792036773372,-3.99308570798215,4.92439761417849,1.5872789073576,-4.18364813373426
-4.57143122746389,-7.78180936114898,1.82027409025173,-1.01615987797318,-0.220865561220095,0.159258217625174
-2.35806934655705,-3.30363608410847,5.55620512924981,-0.267119827106384,6.32930606911871,-2.61325957502065
11.1711167646764,-0.520141362077818,-0.212097679781664,-6.66554969390846,-7.26616457276601,6.10326381759782
2.08572725942118,1.13960983003243,-5.8802591848094,3.70513238472947,-2.1713380952787,-4.36981914333788
7.08143199984956,0.82593087247935,-1.3128178985921,0.492471864910286,-4.01411978391635,-2.67263127414265
-4.54737412970705,5.955377928327,3.20345705133551,4.59285859522319,2.88328082230773,1.54927160105885
-2.44599736476634,-6.95474511334695,3.99072193289585,3.52966181574684,-0.57013519900429,1.99019667292599
5.26325559387629,-5.18748036420858,1.54039218213224,3.00553512015973,2.02704706073878,7.11059758170863
-1.00907384932498,-7.77134938594413,-1.45324897741975,0.32367506517807,4.84584006603442,0.632971001306613
-2.70105967065207,2.35673123388765,5.60437713475778,-5.65299385941022,-0.746590466532996,3.40617132544368
-2.05101874987018,0.572961470785003,7.17272517732273,2.99978580914884,4.62635534824077,-1.10328055087086
7.19647506504898,-0.7411238610769,1.14124832302588,0.308904546077859,-1.34267415091889,5.21062293712477
1.65407208459619,-4.11050255467996,-7.61857911391207,-2.83769723856112,1.59183522879301,2.30690920111611
2.87917066095165,-7.43251306811857,0.314342436064598,-0.913247291308339,3.5942203985548,3.68300897534274
-0.694070067306335,5.32290843666297,7.24341124351315,0.980893688203187,-0.821339088577151,3.81217364332567
-1.73173952798066,1.65886049451138,-5.64052695831841,-1.56896796957549,-0.247868231221862,6.89197617773572
-1.91460060715759,6.19698019764794,1.12483627126529,-6.3846358994947,-0.926934407918079,2.34962563518565
-1.76256204834689,2.16549723061926,3.3757675733861,-0.535038143823341,0.899347122515716,9.02749291968842
-0.229378846686706,-4.18946544995268,5.84276681117086,-4.61403763609821,-4.37587914529434,-2.23535547189766
-2.05889275786632,-2.13091075432937,-1.78395186195318,-1.92309742345853,-7.76767267438783,0.826120021202466
1.68348301081151,-4.43002597823787,-5.86840762635828,-5.17048137927824,-2.15032572383442,0.870265970030223
-0.525951837718617,-0.401807167395198,-2.29586698044531,1.32418053784937,6.75593538759002,-5.12264511151936
-0.683863895006372,6.02086021650668,-6.48328998426641,1.9181625563248,-3.29943234969853,-1.49452171351305
5.73156239339478,1.80467287378265,1.86280196257323,0.22498595813034,4.82033126823396,-4.78597045108742
-1.30830908338572,6.35700140644117,1.50158764339543,-3.7339708058499,4.04311264637395,4.95470195625314
1.21690929365263,5.33460811710632,-2.88669383954714,-4.38613017267388,-4.79535099059322,1.79399729434546
-3.06076744136812,0.10719247817435,3.08120230974388,-1.41649820665579,-3.61450107713314,7.55923277064764
0.820918442120668,-8.43623369367098,-3.12215126600114,0.21243856593243,-2.1598460734914,1.26922055687829
-3.94764319552784,3.17750548452463,7.09834874854083,3.76191858284403,1.34362931633293,2.25996845192869
5.00641576124788,6.71969379841538,0.341921121979883,-5.94363523132833,2.7641127422413,-1.59880151398508
2.30518463158763,4.65378173272689,-2.99677355711481,0.467305047811084,-0.525323795914119,6.74122895779538
-5.62132349675095,-4.88787861869126,-0.134346032573134,-1.18698882391371,2.8712385134026,-5.57221140370097
5.61484933477142,2.22315552906778,0.510317292834433,4.62118668905824,-1.84812521752829,-4.66564030347013
-6.70051277314292,2.31396561658921,1.79993115713311,-5.10971899670323,-2.72034971542038,2.79600534787395
2.7239727166844,-1.68166229520929,0.351553149334712,-7.63860696355124,3.54979955178583,-4.03240381246959
-2.14018364029652,3.12816232432436,4.21792956144954,-1.26017059244952,-7.02101469175193,-4.51739417136099
-2.85229198676925,1.20103091554863,-1.41025872027295,-7.54891324443404,3.24522049300012,2.34384720375853
2.511450635048,-5.09205340361618,-2.23670868634338,-6.78875904663831,-1.12623012675531,2.62266866490369
2.54000484965149,-1.03629084353994,-0.757682884847489,6.89419890449237,-4.74031382230919,-3.18534602937025
-0.563047315167803,0.765579722899275,3.67059317435638,-7.70659714043132,-0.0796013154276729,3.68726168715618
4.36477328307846,-5.73859026257233,-5.43099404663979,1.42235010199219,0.541751755959869,2.14185686794523
3.704565215511,-5.53297920620806,-3.45297145330027,-4.89804497453865,1.80209326198453,0.467901328557371
-0.475238996609829,0.300453411550575,-2.59027444704582,-8.04434886052939,-1.38060755980774,3.49727941891799
1.07902030552277,-2.35986250032091,4.73027861392606,5.14748532412688,6.33583887816243,-0.417471525813758
-3.6837499923392,-1.00069928483908,-2.90809804290685,-4.59908315852457,-1.96661363644768,-6.34521272981869
1.88342894166969,1.62639714227987,0.390432294628073,-1.41622203601836,9.04873982746343,0.613199606480949
-2.23095934247398,1.56027883181114,-4.15524644429492,7.41441783117643,-2.33786114513265,-1.11626526184504
-2.37570821441747,3.20875667832244,1.18875720666802,-7.29255211153513,3.43037283380687,0.30446448515933
0.930789383406122,-4.36332354543559,3.07598946167064,-6.84175042045936,-0.436775287311034,2.91276514658322
-7.86744270183189,2.23734539200192,1.04464064350316,-3.54940450102662,3.3925972791736,0.184086857690547
4.17832203402317,1.02602742190095,-1.88622902390337,3.88954645637185,6.35604362753952,-1.12522070927327
-4.19384098746637,7.59275596367351,-1.39909236286806,3.91828453355539,2.18486206627637,-1.07066420339937
3.62794599375855,-3.79784389393976,-6.38673449121869,1.03502864621892,3.95830926524197,-2.20421352718817
0.213792416524671,-6.00057541342753,-5.86772423631041,3.66664952499175,-1.03149353386979,0.0725072047457425
0.602767159833267,-3.81275730852972,-0.37269026506152,-2.1618002868284,-3.62945692135338,-7.75165284214966
-3.78348345236206,-4.45303884944271,2.28713854706099,-4.95343679098956,-1.02827677470743,-4.83205315231618
-7.7724020400047,-3.13837450985221,1.1417379257645,0.714423876257792,4.27614824019823,-2.30444504747924
-4.92884658912262,6.55729424300811,-3.42614231263642,1.01156286592845,2.22062921471743,1.73826617318487
-3.38309152083293,3.573267131151,-5.85810289125933,-1.96502542491517,-4.74036935918416,-0.0497623752075193
0.0808061852440387,0.864284931486382,-2.60538352935857,-1.80801716905019,-8.97097963499099,1.89465809482736
0.931695331909568,6.68354004822633,-2.41122094311153,-5.49274918564974,0.802120525563627,0.777737017202088
-4.27018036900594,-4.51553323542606,-2.96432627406644,4.17702896030463,5.12074594872433,2.4219475602637
5.08971580637024,5.37273241719612,1.13446325003258,1.72724622508905,-5.57089727427927,2.21470562224801
6.75684734875429,0.989562291581726,4.15471782834781,-4.74383407562081,-1.42201907434007,-1.10685618506302
0.302015604827939,-1.48364663744629,-4.9954515289152,-0.321230736859041,-6.69786082594719,4.78962725400305
3.8768532741239,-4.05830430489958,6.58999611635141,-2.28410327465628,-0.87414671998788,-2.57279678997571
3.89190116250176,1.49782691703477,6.08446124024634,-2.09017369797465,6.19262950438802,-5.62697346328776
1.24070861834769,8.01797332687812,-5.1016707466759,1.30056052601309,1.30009487003076,-2.31152562233708
-5.35781277115685,-0.765169034123574,-0.915858085226584,-5.40766980966805,0.15462482991614,5.16701022698735
-4.60219236304168,6.43808425208276,-3.07495884403883,-1.94250284604583,-3.71419032761033,2.53344992276581
5.11086003831663,-1.65621497090379,-5.46604568863151,1.33586346428644,-8.61444403009835,-6.04175367740855
3.10390560870826,6.56528065391624,-4.06156075551257,0.968379000384478,0.495717517573789,-4.80983075400536
3.51823037385431,5.62255606413608,3.45128052939252,4.00821023760279,-2.92801446707935,4.47565895758453
1.16607549309887,1.31189115188699,2.90143715749853,-3.49798284212446,-6.36952431225374,4.22535285516261
-2.50048856985354,-5.5297368948908,3.3384299098466,-1.14647484460364,-5.10283438211101,4.4713288150866
3.52034638382822,-2.96381278744681,-4.64003387071366,5.39898630609238,3.78811217204253,2.94439561905311
-1.3769160229864,7.41308078713946,4.20841555469952,-3.98055188108145,1.49165316792989,0.628712860650815
6.49872881095363,4.0656534301727,3.47464571964445,-1.40838891606687,-1.41427181269159,4.67225809528142
0.0555744688940499,-0.892419738754731,9.57282040915702,4.1062842128323,0.998571739624215,4.38627437120538
-6.5485840841885,-0.74616018047712,-2.96081526774703,-3.51978415674226,3.56091418716401,4.00523536391824
3.25513229151768,6.61551819318715,2.87880188134116,1.06931724817762,5.34179542958748,-1.28279546135327
-6.7403064925033,0.627323634900658,-3.90340326333697,-1.24622702447737,-4.28336629383106,-2.9345317790837
-6.70890092293883,0.140931734158429,-0.776804993702186,4.19998534071047,4.52667375918854,1.60610287851045
1.31485305252194,7.73481812692455,2.99905137101837,1.3313945791685,-1.90747572433663,2.8795072113687
1.95112291154343,-0.679511476357684,-7.33729482453372,1.71571182883238,-3.7972202682168,-1.53259033144777
-2.63982119024534,-4.12740792812441,1.41857217733189,-3.16453523062314,5.34643648743723,-4.8625451557059
-5.79179816146305,-2.00041643458405,0.554527944834232,1.35486559156772,-4.22759124579289,-5.09351705059377
2.4791281756258,-8.0527205111344,-2.18912348506744,-1.62479756871104,0.606007774556458,3.24782472674319
1.92719343466409,-0.985513760437421,-3.96030728696658,7.49484995753752,-3.02240891153942,0.839614508829543
-1.37288693488682,2.00252329635384,-5.45919279232112,-3.63629827275991,-5.48633137202954,-2.36778395208965
-4.988924024464,-0.15087069266845,4.93811372611981,-5.34450450627501,-1.0481737275918,-0.226059780602349
-2.44153737543564,2.38562156585541,0.23164603904583,-2.0938457394057,-3.51862892708521,-7.2394992661999
-5.85803142119967,0.535921460166224,-5.73037468194725,1.50491997992491,-0.92068619974718,3.17250595853085
-0.221356276101406,-5.39648130344367,6.12913582485969,2.60346875789411,-2.86468667469382,-3.76398271973218
6.41354501967601,3.5247578496493,4.20695611835142,-1.2696497492588,-0.819683795187405,0.653510620085401
3.78400103984058,7.61384193794609,2.72539964066102,-3.02204220516461,-2.48425444343129,0.0472004329656858
-8.49531283791823,0.68217144609848,-2.7784893905094,-2.82000175056162,1.79268629556359,-1.75878690032622
-2.61897259226781,-2.65660237262725,4.93009551905668,4.31536113713279,1.73624134616387,5.58514225407051
4.24206760995407,-3.20807787224794,-2.20337957408969,-4.23824729493225,0.278277553382454,7.18453190407076
-0.155361685662698,3.45254354690789,0.494061472737937,-7.44331535476728,1.21421246421218,-3.16436881157341
