9.53615255728382
-3.26269818933919
-9.25744253184767
8.00654027470962
4.93011803994641
-8.47737544992242
5.80368097848632
2.13444319822205
-4.61355816369666
-1.16588368130234
-2.25823429982317
-14.9004647681526
-5.2657894496806
7.10092337637548
-11.170687303791
-6.08429080299914
7.97606261342456
-4.85690303281556
5.98834892899407
1.6335717912179
1.21931009250584
-0.498791547358068
-8.89696026745871
7.24160450115883
-11.0253247565821
7.19792990055828
1.40463806170813
9.93140825718798
13.0257881233288
-8.81870969924642
8.10755032512288
-11.4583763971856
-9.92766384912964
-1.80584053816287
-1.91129807943223
-5.21271809705203
-7.00579588445212
-12.8056899602362
-11.2026839213398
-2.45739753331655
-7.76055823189855
-8.12628392446081
8.4578578404753
-14.2638918418224
-9.07964497323325
3.64087972115237
-6.82473321442306
2.55113435152623
19.475947576604
-11.8779885430489
17.4644906651509
-0.897676992132741
-0.955977855100182
-5.16642507202974
-5.6828827258215
7.47243638502957
-12.6568625739256
1.25637048174886
-12.5043243114079
-9.00555941894917
6.59904120253772
-8.67681915286542
8.29448269125395
-2.42607418186357
3.26402295469018
-3.33822057713908
-8.44029921370681
-1.59202567116752
-4.22329482767187
-10.9753836837926
4.27849080143125
-7.08782695442802
3.34771052156789
7.27026662629608
2.75615841219802
-11.5922016170527
11.0894931029108
-11.2780306353167
-10.7713344837541
-10.5137597905951
1.32870610762648
6.03025457170272
8.38195413469061
-3.69242440733788
-1.50678400547954
5.06595580938473
-2.36844751535585
2.44131947230171
2.80704742026121
-13.0104788112739
2.47791542485216
10.1917467108312
6.70145768563628
10.8296542540711
-3.37746672213779
-11.7451711477272
-18.4074674992759
12.9381151957132
5.64208687669674
6.44454344218517
12.7380848056375
-4.60297237737275
11.403200504588
-3.92379851086564
-13.5714099910203
7.4465461911334
10.9635892294908
-5.6082537420831
6.27429055203513
9.60190931341133
0.663207261260594
13.5950177831808
-3.20766561857521
-12.2483594336363
-10.8084781488985
-4.18177703230161
-5.71713807843071
-6.12515596477878
-0.14961747041033
-10.5766812889364
8.7763132320144
3.50716225914544
3.82450640287284
1.03412144106199
9.1721238624454
-2.04308247480055
9.31197766520481
9.11334558228772
-8.64920199383983
7.74984933545394
-6.259257356323
10.6075548525864
0.963157057808181
1.19153694369957
5.46401603339541
11.9706419727161
6.87798220557471
13.2385440466636
-9.54554342140799
-7.05818662912306
-4.93779479736469
-7.93914457927821
-13.6917320379912
-9.15276203821964
-11.417410553201
-7.27834484539792
-2.49822280542447
-4.88034705755284
8.57142597255799
-7.49885332040886
-2.14312763168436
10.1511489597866
-9.93773502355599
8.251442383678
0.29288630489653
-7.80595702020219
-12.5356194907642
6.6774327244284
2.41597488602607
3.15286329364801
14.9044138135885
-14.1271954191132
-4.82298810812606
2.30149863611765
1.76385925081616
-13.4905733829133
-14.6559690085219
-8.97294746480511
0.598763254416559
-11.3410373756358
-9.22343478591879
13.311694218622
-5.44202209066145
5.26802064139728
-7.40635288436286
3.74361172895509
-11.3017210175169
6.73597890552606
12.8605180750334
11.9987980981985
6.3649640208444
-9.44243888347451
-4.78626935558741
-1.26898529859175
-3.82281815831415
-10.9157075825311
-5.53712816777656
-6.01512786158926
-6.56197705691423
-1.68618736069783
12.4776556229918
-14.5691642262576
-13.4390656263878
-1.71280267041702
-8.19136855510877
-2.75967040450691
-15.6418274346961
5.23512120734875
-6.62711183130283
-0.648873287368848
-3.39772895145369
0.397078037755904
-6.50997026933701
-10.7256983626382
13.4715615316171
1.14236564088596
9.86412994952585
-8.08971654188305
5.87361543960578
-1.98305036340944
5.72878433397182
5.56467831599772
5.61578864552966
4.31052241579886
-0.178300357391558
-2.6278681099095
-0.294730560804969
-2.95045404406541
-11.3770600241313
-9.10450765610375
4.08259998819586
-12.8377809268889
6.64466702276437
-1.47286023196563
8.85379910680565
6.79095744753408
4.16948928945897
-11.1306557458714
0.797721670706851
3.01120154688215
-12.4074364695998
-0.261603547421971
0.736458081958872
4.23628345368477
7.00025816824687
-14.8667760729961
-12.0012791356902
7.30856246529362
4.05271815499328
-1.93741868652611
-2.915159518726
6.95704091525971
-13.9942838540954
12.5973246097582
11.839852773283
1.90265131150488
-6.49806301743124
-5.09640639468799
6.34323278504335
1.54220988037248
-0.271586894922037
3.16850930759783
-4.44305341850846
-0.992784969818226
17.6588285841477
-10.3799119498428
-10.3158850628533
-0.0467936477938591
4.37604768304888
-9.48428538031105
-2.07559846725415
-10.5374605755562
10.5495491652176
0.500089135252108
-12.3303490554438
11.7370714501613
11.5514847860652
-1.55369974501727
-4.96555786987094
-13.6154987066465
-1.52396359272744
-14.9496226333659
-3.72687740977561
-4.6830477419984
7.67711845425046
2.22245989935872
0.0919736446709771
-8.80773557084568
5.15761748077976
6.53673397780858
10.9094064508199
-4.11658063989493
5.49789023713013
13.0842180813608
10.1133486287285
20.1890966476092
0.366764727914059
-11.5079313705344
-11.233284034459
4.70971859196643
8.80892593596093
4.32470245577152
-3.86751180515705
8.73072642685497
-9.3970651614934
-1.44005995002558
-0.434780915819492
11.3553423545201
11.4301051167473
6.39403688543657
-1.87649227290005
-5.91668652174921
-1.38789055725417
-2.11376303439835
14.0960423916703
-6.17848739611511
2.78461158095728
4.70080148697056
2.02742775502167
-2.84853756888163
-12.5749753806924
3.30941123927051
-8.01046000001781
4.58211084340849
-3.22887474479812
10.3318612923868
3.59337929423449
-7.13061136467741
-5.13570010046078
-10.1452360098323
8.15482688617063
-8.50257125393976
-4.4107395913896
3.6565355144416
-0.450148532204317
12.0420823971497
-6.58661476136044
-11.0594543500177
-13.3043495295838
-7.78975295239809
1.47188737910388
11.2827102692165
15.5365065262895
-9.32966342625003
-5.51021408199007
-5.97824818434565
9.35602538917751
3.96460550904064
-9.8886848621061
10.2395381641165
7.40551639671044
2.5898281799843
-2.01401739668245
-0.121798323826841
-13.0765597086969
0.459340188971958
18.8137592226632
-9.85235778837225
-5.94184027447014
13.2735201529317
5.76385577656365
11.4586906748966
0.0206383072473549
2.69902339806451
-3.44872999482055
5.30933013990979
-6.22322688319158
8.04671504508694
-9.19014559875226
-7.15863249753049
-2.5990889966293
-2.32294385696315
0.160085963662269
-2.85891697117049
-11.9808775419034
-12.2534121342442
-0.747126217004434
-8.92159894822385
-5.40646857677515
-5.80747006371879
3.11780654697188
13.0677270789183
-15.1403169934965
8.22262124462226
8.18373974190672
10.421415430862
15.8211449150545
-12.1731034488845
9.49693220175122
8.50013201069416
-0.201890327923661
-2.98091528695779
7.90759651604329
-9.76194982447351
13.3731537750144
-8.36535040163296
12.6377847027939
13.2068625020708
1.79818972989911
11.0039370208815
16.1026930694135
1.66126364102496
5.0330142777574
-5.57229703204034
-5.7847486123299
9.65418336373049
-4.47615372000368
-7.61293808768445
0.784739905700647
10.094864352388
-8.08492618539856
12.8113545614263
-7.36714556304698
12.3408499276994
-14.0483480829818
-0.694924647974957
9.48030955651059
-5.24288239286127
-3.09063962558017
-6.31179160897016
12.0672783568807
-2.40811539744713
-12.8743274109097
22.0510396443102
-0.353774617038853
1.30251144157193
-8.15316097929084
9.40789783112888
2.33944002015396
-10.2251247444981
7.62129229468992
2.24281326124267
-11.5435653938121
-6.41282992501261
-13.3390685861898
-2.66480422345271
5.0076589926424
-8.58478249277232
5.09964280225398
0.996974373442163
3.41066132703761
4.671291449553
3.91995995563247
11.6179242875545
4.84570045590117
10.6258237313353
2.84732046533563
11.0629045602159
-0.914600922107635
-5.84203577664745
-7.88901939423441
-4.61171447287239
11.6899900298088
7.51724797120249
-12.376430608016
-10.334153553111
6.48307620634232
7.56388693243686
1.10687875685137
1.57650259126278
-6.37583219984192
2.9193626997217
-7.92262444824383
10.4433655309473
7.94283746697744
-8.39824744204947
1.15760038027265
4.0298762280368
5.39300926225985
-7.34269517678482
9.04622891604348
-11.9383599042939
8.6032647887919
-12.0922849231833
1.43714151170808
3.20889717576723
3.45718549720853
-3.61239697245418
-7.57343896759242
11.2009974061291
-3.02539434472763
5.1198630852945
2.19203317165016
9.27996723923407
-6.66484344769298
7.64497893787403
4.40303170371666
-13.2721212324758
3.28616813481251
1.87989903933137
-6.81105890107588
4.21130600374169
-10.2821391801712
-3.78302359072278
3.37431592732989
-12.7252836983681
-0.38715457570986
-8.61863725121885
19.1455897357844
1.93435323898311
-3.65763347766832
-12.5978841928858
5.67095934448694
5.8566507493704
1.05956341366351
-10.0422877203534
11.9292947938917
8.64323342541759
1.5084324926225
-4.30955643428128
0.532841548131245
11.5690625753931
-6.96236333276443
5.43439343929287
-2.81486775894853
9.06673772257419
10.9406958070315
-11.8220335246278
-12.0634201511362
12.36325728387
-1.83796869658434
12.1970404370592
-11.7182264553663
9.23939421442543
10.0321390411395
-12.646297673402
-9.42407503859285
-6.93558858845349
9.15265608480761
-9.50973975943104
19.6475102510512
4.50722319476226
-13.7423482747751
12.4391788467753
10.3205411971819
3.75160954522508
4.43700579015723
-5.48939430128887
-15.5477857488472
-11.0913998167211
-9.98698468136713
2.00474236078848
10.4972614010194
-9.81628333026297
9.20195232383053
4.88148786739008
-7.88051012016948
-4.90114934345223
-6.05228264745356
19.8453674784745
0.624094133812925
-13.0313267964794
-8.03153566853734
-3.58372232609263
10.3833749223072
-12.2593192705081
-3.46784250037241
-7.19370220847691
-12.9044695407957
-10.4299650435592
-7.47513794483543
-11.7879571955985
21.0854558137905
-1.7429116821272
4.47523281679431
-3.76434023849656
-13.1369764117127
5.35780800266432
-8.55187455487654
6.23168711795099
2.37822932553275
-4.06675012150555
-13.7673845656391
-0.0879684926794292
6.84519355723827
-13.1017077569197
-4.72797392256701
-4.37403402666918
-9.0325591123639
6.55369616100285
-4.65067161925019
-0.607609839860758
10.2756733251068
17.9770214637888
5.69506341833254
7.06522167350045
-5.0156520618684
4.16390726734553
6.91919279205308
12.2525103836436
-0.574060595386037
7.16913002677587
-10.8308398337032
5.9202510835152
-6.74477423462627
6.08665819435921
5.53542185378182
-10.6939322683517
12.1164500908861
11.1522116070541
0.251252618351796
-3.30827646200952
0.835836173297398
-1.76065910578451
-1.36966937607876
6.16618878241519
-5.30521329809677
9.44515479358338
-7.03191698636765
7.72248288894497
9.80359583280793
8.54152355883688
-8.78834580777272
-8.2584952538844
-0.517706968703082
0.874264061842012
12.3109886754167
0.0550575506883047
8.92879139904584
-12.1273924665852
-3.96279183602537
7.83445106228551
8.74939659190597
17.3864728412637
8.40924781471333
-2.73139894793901
-9.72514632520446
-9.69026833036228
-12.7594290561105
-9.2955026945955
0.927183622700546
8.32430794537972
6.30304539251654
9.67812583154195
0.125037723050998
-1.09181682535468
0.562040845060007
-3.17403163771093
5.40801237311172
-7.22701601728347
-14.4785160909423
7.12552556993018
-5.86890209365719
-3.13661128048633
13.7839429606254
7.34148152857235
-7.68134069317404
-3.49134499715214
3.90654723621189
-10.6486699003111
1.60227481646869
4.6156507823241
-5.73681303630619
12.508562011555
2.07088594112142
-8.73195895903205
8.36066218283452
13.4537070334553
1.74377494269185
6.12702426996748
-3.93359689827284
0.711898315400331
5.99229963531
11.7952337947213
11.9053008703671
-12.4478866254573
-1.01694898749513
0.207761367731241
-5.64168256408863
13.8537142980606
-12.9527839184148
-13.8944792877739
-4.15590208647776
3.03977880505379
-2.55169418761213
3.56185660384473
9.00918175090046
-3.04732061205692
-1.64284170854033
-7.29932763360904
12.9151793661402
6.82373173591729
7.02560777932799
6.21329627745638
-1.33584428454954
-0.0151587311858537
8.96457665127561
-5.36171943746589
2.10533422725927
8.88586150538153
-7.65792887166255
10.7167959658652
-4.03223749051303
4.81891839951002
10.7741877854151
9.75394247960831
7.79301300413891
-4.55531315528832
9.89257958545303
2.97048376565278
-0.820018843594955
10.8596268467862
-6.35287988098974
-0.78632805206333
7.57774289807985
-1.295899215178
-11.5813946946176
-6.75990729847925
-8.33346789471556
8.67266038598031
-8.85691508220085
-6.28512844013584
-10.184892415373
18.2918789483858
1.97076449825948
2.86734412690919
11.1359821498941
-6.89594693625963
-14.3815017457963
-7.44695119618587
0.326972003409291
-3.99308025743495
0.439617148518941
-10.0724216599263
-10.0978464037401
11.5171609340733
2.62094862875447
7.37765463887886
12.3981555297861
-11.6375702173803
-1.1919855914105
-7.54553462528526
-1.04816767423419
9.71797174318137
3.84852701111328
11.6546867542716
4.78439972411017
1.38142257663522
-8.30137134066881
10.8043288335073
13.7228869116775
4.74655552458573
-10.2437667794482
5.18472596827837
7.87359931181865
-11.8988157335345
12.680885583737
2.67272201896297
-9.63382683664364
-0.870390401228471
-2.19007173636883
-9.33854183731089
-6.85213723219625
2.64385758841602
-11.6732181073265
-2.22142867167462
8.08347494667694
3.07755461826978
2.28262156230809
-5.34767896434689
4.56422637588145
1.83608646217224
10.6940695973603
-7.73314322329021
-6.69486184583168
-9.65903167819054
-6.15038874968278
-5.06099823905023
6.05381582774088
3.97722469821085
9.95267947663409
4.95691794829232
-10.6112207911232
11.2508109798092
-4.26897807284253
-3.55616686749485
-8.23821248891948
-14.7971730699161
11.7676923694079
-1.2227163933916
10.0038609319111
15.4925637361587
9.83371795933629
12.5771797956284
3.676001151089
-10.4706607869635
-10.8680581255373
9.57584281484318
12.1616394492864
-14.7625222130487
-2.6999038159117
10.5806988302699
0.226198917566654
-0.588260759664578
6.50384929553319
-0.706227389370818
-6.44330316146436
-2.31358197795254
-9.58573626613977
-1.12347982729374
3.51045570148203
-2.52298449096074
1.70380845498926
0.887548429818254
-10.9649907558816
2.93997137075363
11.3024326580378
3.87837716768481
-4.34239193718982
-13.2322710942881
2.51029224594704
